(kicad_pcb (version 20171130) (host pcbnew 5.0.2+dfsg1-1)

  (general
    (thickness 1.6)
    (drawings 15)
    (tracks 61)
    (zones 0)
    (modules 13)
    (nets 30)
  )

  (page A4)
  (layers
    (0 F.Cu signal)
    (31 B.Cu signal)
    (32 B.Adhes user)
    (33 F.Adhes user)
    (34 B.Paste user)
    (35 F.Paste user)
    (36 B.SilkS user)
    (37 F.SilkS user)
    (38 B.Mask user)
    (39 F.Mask user)
    (40 Dwgs.User user)
    (41 Cmts.User user)
    (42 Eco1.User user)
    (43 Eco2.User user)
    (44 Edge.Cuts user)
    (45 Margin user)
    (46 B.CrtYd user)
    (47 F.CrtYd user)
    (48 B.Fab user)
    (49 F.Fab user)
  )

  (setup
    (last_trace_width 0.25)
    (trace_clearance 0.2)
    (zone_clearance 0.508)
    (zone_45_only no)
    (trace_min 0.2)
    (segment_width 0.2)
    (edge_width 0.15)
    (via_size 0.8)
    (via_drill 0.4)
    (via_min_size 0.4)
    (via_min_drill 0.3)
    (uvia_size 0.3)
    (uvia_drill 0.1)
    (uvias_allowed no)
    (uvia_min_size 0.2)
    (uvia_min_drill 0.1)
    (pcb_text_width 0.3)
    (pcb_text_size 1.5 1.5)
    (mod_edge_width 0.15)
    (mod_text_size 1 1)
    (mod_text_width 0.15)
    (pad_size 1.524 1.524)
    (pad_drill 0.762)
    (pad_to_mask_clearance 0.051)
    (solder_mask_min_width 0.25)
    (aux_axis_origin 0 0)
    (visible_elements FFFFFF7F)
    (pcbplotparams
      (layerselection 0x010fc_ffffffff)
      (usegerberextensions false)
      (usegerberattributes false)
      (usegerberadvancedattributes false)
      (creategerberjobfile false)
      (excludeedgelayer true)
      (linewidth 0.100000)
      (plotframeref false)
      (viasonmask false)
      (mode 1)
      (useauxorigin false)
      (hpglpennumber 1)
      (hpglpenspeed 20)
      (hpglpendiameter 15.000000)
      (psnegative false)
      (psa4output false)
      (plotreference true)
      (plotvalue true)
      (plotinvisibletext false)
      (padsonsilk false)
      (subtractmaskfromsilk false)
      (outputformat 1)
      (mirror false)
      (drillshape 1)
      (scaleselection 1)
      (outputdirectory ""))
  )

  (net 0 "")
  (net 1 +9V)
  (net 2 GND)
  (net 3 VCC_5V)
  (net 4 "Net-(C5-Pad2)")
  (net 5 "Net-(C6-Pad2)")
  (net 6 DHT21_DATA)
  (net 7 "Net-(R1-Pad2)")
  (net 8 "Net-(U2-Pad1)")
  (net 9 "Net-(U2-Pad2)")
  (net 10 "Net-(U2-Pad9)")
  (net 11 "Net-(U2-Pad10)")
  (net 12 "Net-(U2-Pad11)")
  (net 13 "Net-(U2-Pad12)")
  (net 14 "Net-(U2-Pad13)")
  (net 15 "Net-(U2-Pad14)")
  (net 16 "Net-(U2-Pad15)")
  (net 17 "Net-(U2-Pad16)")
  (net 18 "Net-(U2-Pad17)")
  (net 19 "Net-(U2-Pad19)")
  (net 20 "Net-(U2-Pad20)")
  (net 21 "Net-(U2-Pad22)")
  (net 22 "Net-(U2-Pad23)")
  (net 23 "Net-(U2-Pad24)")
  (net 24 "Net-(U2-Pad25)")
  (net 25 "Net-(U2-Pad26)")
  (net 26 "Net-(U2-Pad27)")
  (net 27 "Net-(U2-Pad28)")
  (net 28 "Net-(U2-Pad30)")
  (net 29 "Net-(U2-Pad31)")

  (net_class Default "This is the default net class."
    (clearance 0.2)
    (trace_width 0.25)
    (via_dia 0.8)
    (via_drill 0.4)
    (uvia_dia 0.3)
    (uvia_drill 0.1)
    (add_net +9V)
    (add_net DHT21_DATA)
    (add_net GND)
    (add_net "Net-(C5-Pad2)")
    (add_net "Net-(C6-Pad2)")
    (add_net "Net-(R1-Pad2)")
    (add_net "Net-(U2-Pad1)")
    (add_net "Net-(U2-Pad10)")
    (add_net "Net-(U2-Pad11)")
    (add_net "Net-(U2-Pad12)")
    (add_net "Net-(U2-Pad13)")
    (add_net "Net-(U2-Pad14)")
    (add_net "Net-(U2-Pad15)")
    (add_net "Net-(U2-Pad16)")
    (add_net "Net-(U2-Pad17)")
    (add_net "Net-(U2-Pad19)")
    (add_net "Net-(U2-Pad2)")
    (add_net "Net-(U2-Pad20)")
    (add_net "Net-(U2-Pad22)")
    (add_net "Net-(U2-Pad23)")
    (add_net "Net-(U2-Pad24)")
    (add_net "Net-(U2-Pad25)")
    (add_net "Net-(U2-Pad26)")
    (add_net "Net-(U2-Pad27)")
    (add_net "Net-(U2-Pad28)")
    (add_net "Net-(U2-Pad30)")
    (add_net "Net-(U2-Pad31)")
    (add_net "Net-(U2-Pad9)")
    (add_net VCC_5V)
  )

  (module Capacitor_SMD:C_1206_3216Metric (layer F.Cu) (tedit 5B301BBE) (tstamp 5FE7690A)
    (at 76.6445 56.4515 90)
    (descr "Capacitor SMD 1206 (3216 Metric), square (rectangular) end terminal, IPC_7351 nominal, (Body size source: http://www.tortai-tech.com/upload/download/2011102023233369053.pdf), generated with kicad-footprint-generator")
    (tags capacitor)
    (path /5FDADEC2)
    (attr smd)
    (fp_text reference C1 (at 3.429 0.127 90) (layer F.SilkS)
      (effects (font (size 1 1) (thickness 0.15)))
    )
    (fp_text value 100nf (at 0.381 -1.905 90) (layer F.Fab)
      (effects (font (size 1 1) (thickness 0.15)))
    )
    (fp_line (start -1.6 0.8) (end -1.6 -0.8) (layer F.Fab) (width 0.1))
    (fp_line (start -1.6 -0.8) (end 1.6 -0.8) (layer F.Fab) (width 0.1))
    (fp_line (start 1.6 -0.8) (end 1.6 0.8) (layer F.Fab) (width 0.1))
    (fp_line (start 1.6 0.8) (end -1.6 0.8) (layer F.Fab) (width 0.1))
    (fp_line (start -0.602064 -0.91) (end 0.602064 -0.91) (layer F.SilkS) (width 0.12))
    (fp_line (start -0.602064 0.91) (end 0.602064 0.91) (layer F.SilkS) (width 0.12))
    (fp_line (start -2.28 1.12) (end -2.28 -1.12) (layer F.CrtYd) (width 0.05))
    (fp_line (start -2.28 -1.12) (end 2.28 -1.12) (layer F.CrtYd) (width 0.05))
    (fp_line (start 2.28 -1.12) (end 2.28 1.12) (layer F.CrtYd) (width 0.05))
    (fp_line (start 2.28 1.12) (end -2.28 1.12) (layer F.CrtYd) (width 0.05))
    (fp_text user %R (at 0 0 90) (layer F.Fab)
      (effects (font (size 0.8 0.8) (thickness 0.12)))
    )
    (pad 1 smd roundrect (at -1.4 0 90) (size 1.25 1.75) (layers F.Cu F.Paste F.Mask) (roundrect_rratio 0.2)
      (net 1 +9V))
    (pad 2 smd roundrect (at 1.4 0 90) (size 1.25 1.75) (layers F.Cu F.Paste F.Mask) (roundrect_rratio 0.2)
      (net 2 GND))
    (model ${KISYS3DMOD}/Capacitor_SMD.3dshapes/C_1206_3216Metric.wrl
      (at (xyz 0 0 0))
      (scale (xyz 1 1 1))
      (rotate (xyz 0 0 0))
    )
  )

  (module Capacitor_SMD:C_1206_3216Metric (layer F.Cu) (tedit 5B301BBE) (tstamp 5FE7691B)
    (at 79.4385 56.4515 90)
    (descr "Capacitor SMD 1206 (3216 Metric), square (rectangular) end terminal, IPC_7351 nominal, (Body size source: http://www.tortai-tech.com/upload/download/2011102023233369053.pdf), generated with kicad-footprint-generator")
    (tags capacitor)
    (path /5FDADEFF)
    (attr smd)
    (fp_text reference C2 (at 3.432 0.254 90) (layer F.SilkS)
      (effects (font (size 1 1) (thickness 0.15)))
    )
    (fp_text value 100nf (at 0.127 1.905 90) (layer F.Fab)
      (effects (font (size 1 1) (thickness 0.15)))
    )
    (fp_text user %R (at 0 0 90) (layer F.Fab)
      (effects (font (size 0.8 0.8) (thickness 0.12)))
    )
    (fp_line (start 2.28 1.12) (end -2.28 1.12) (layer F.CrtYd) (width 0.05))
    (fp_line (start 2.28 -1.12) (end 2.28 1.12) (layer F.CrtYd) (width 0.05))
    (fp_line (start -2.28 -1.12) (end 2.28 -1.12) (layer F.CrtYd) (width 0.05))
    (fp_line (start -2.28 1.12) (end -2.28 -1.12) (layer F.CrtYd) (width 0.05))
    (fp_line (start -0.602064 0.91) (end 0.602064 0.91) (layer F.SilkS) (width 0.12))
    (fp_line (start -0.602064 -0.91) (end 0.602064 -0.91) (layer F.SilkS) (width 0.12))
    (fp_line (start 1.6 0.8) (end -1.6 0.8) (layer F.Fab) (width 0.1))
    (fp_line (start 1.6 -0.8) (end 1.6 0.8) (layer F.Fab) (width 0.1))
    (fp_line (start -1.6 -0.8) (end 1.6 -0.8) (layer F.Fab) (width 0.1))
    (fp_line (start -1.6 0.8) (end -1.6 -0.8) (layer F.Fab) (width 0.1))
    (pad 2 smd roundrect (at 1.4 0 90) (size 1.25 1.75) (layers F.Cu F.Paste F.Mask) (roundrect_rratio 0.2)
      (net 2 GND))
    (pad 1 smd roundrect (at -1.4 0 90) (size 1.25 1.75) (layers F.Cu F.Paste F.Mask) (roundrect_rratio 0.2)
      (net 3 VCC_5V))
    (model ${KISYS3DMOD}/Capacitor_SMD.3dshapes/C_1206_3216Metric.wrl
      (at (xyz 0 0 0))
      (scale (xyz 1 1 1))
      (rotate (xyz 0 0 0))
    )
  )

  (module Capacitor_SMD:C_1206_3216Metric (layer F.Cu) (tedit 5B301BBE) (tstamp 5FE7692C)
    (at 101.346 43.307 90)
    (descr "Capacitor SMD 1206 (3216 Metric), square (rectangular) end terminal, IPC_7351 nominal, (Body size source: http://www.tortai-tech.com/upload/download/2011102023233369053.pdf), generated with kicad-footprint-generator")
    (tags capacitor)
    (path /5FDAE76A)
    (attr smd)
    (fp_text reference C3 (at 2.9845 -0.0635 180) (layer F.SilkS)
      (effects (font (size 1 1) (thickness 0.15)))
    )
    (fp_text value 0.1uf (at -3.048 0.254 180) (layer F.Fab)
      (effects (font (size 1 1) (thickness 0.15)))
    )
    (fp_text user %R (at 0 0 90) (layer F.Fab)
      (effects (font (size 0.8 0.8) (thickness 0.12)))
    )
    (fp_line (start 2.28 1.12) (end -2.28 1.12) (layer F.CrtYd) (width 0.05))
    (fp_line (start 2.28 -1.12) (end 2.28 1.12) (layer F.CrtYd) (width 0.05))
    (fp_line (start -2.28 -1.12) (end 2.28 -1.12) (layer F.CrtYd) (width 0.05))
    (fp_line (start -2.28 1.12) (end -2.28 -1.12) (layer F.CrtYd) (width 0.05))
    (fp_line (start -0.602064 0.91) (end 0.602064 0.91) (layer F.SilkS) (width 0.12))
    (fp_line (start -0.602064 -0.91) (end 0.602064 -0.91) (layer F.SilkS) (width 0.12))
    (fp_line (start 1.6 0.8) (end -1.6 0.8) (layer F.Fab) (width 0.1))
    (fp_line (start 1.6 -0.8) (end 1.6 0.8) (layer F.Fab) (width 0.1))
    (fp_line (start -1.6 -0.8) (end 1.6 -0.8) (layer F.Fab) (width 0.1))
    (fp_line (start -1.6 0.8) (end -1.6 -0.8) (layer F.Fab) (width 0.1))
    (pad 2 smd roundrect (at 1.4 0 90) (size 1.25 1.75) (layers F.Cu F.Paste F.Mask) (roundrect_rratio 0.2)
      (net 2 GND))
    (pad 1 smd roundrect (at -1.4 0 90) (size 1.25 1.75) (layers F.Cu F.Paste F.Mask) (roundrect_rratio 0.2)
      (net 3 VCC_5V))
    (model ${KISYS3DMOD}/Capacitor_SMD.3dshapes/C_1206_3216Metric.wrl
      (at (xyz 0 0 0))
      (scale (xyz 1 1 1))
      (rotate (xyz 0 0 0))
    )
  )

  (module Capacitor_SMD:C_1206_3216Metric (layer F.Cu) (tedit 5B301BBE) (tstamp 5FE7693D)
    (at 84.836 39.751 90)
    (descr "Capacitor SMD 1206 (3216 Metric), square (rectangular) end terminal, IPC_7351 nominal, (Body size source: http://www.tortai-tech.com/upload/download/2011102023233369053.pdf), generated with kicad-footprint-generator")
    (tags capacitor)
    (path /5FDAE714)
    (attr smd)
    (fp_text reference C4 (at 0 -1.82 90) (layer F.SilkS)
      (effects (font (size 1 1) (thickness 0.15)))
    )
    (fp_text value 0.1uf (at 0 1.82 90) (layer F.Fab)
      (effects (font (size 1 1) (thickness 0.15)))
    )
    (fp_line (start -1.6 0.8) (end -1.6 -0.8) (layer F.Fab) (width 0.1))
    (fp_line (start -1.6 -0.8) (end 1.6 -0.8) (layer F.Fab) (width 0.1))
    (fp_line (start 1.6 -0.8) (end 1.6 0.8) (layer F.Fab) (width 0.1))
    (fp_line (start 1.6 0.8) (end -1.6 0.8) (layer F.Fab) (width 0.1))
    (fp_line (start -0.602064 -0.91) (end 0.602064 -0.91) (layer F.SilkS) (width 0.12))
    (fp_line (start -0.602064 0.91) (end 0.602064 0.91) (layer F.SilkS) (width 0.12))
    (fp_line (start -2.28 1.12) (end -2.28 -1.12) (layer F.CrtYd) (width 0.05))
    (fp_line (start -2.28 -1.12) (end 2.28 -1.12) (layer F.CrtYd) (width 0.05))
    (fp_line (start 2.28 -1.12) (end 2.28 1.12) (layer F.CrtYd) (width 0.05))
    (fp_line (start 2.28 1.12) (end -2.28 1.12) (layer F.CrtYd) (width 0.05))
    (fp_text user %R (at 0 0 90) (layer F.Fab)
      (effects (font (size 0.8 0.8) (thickness 0.12)))
    )
    (pad 1 smd roundrect (at -1.4 0 90) (size 1.25 1.75) (layers F.Cu F.Paste F.Mask) (roundrect_rratio 0.2)
      (net 3 VCC_5V))
    (pad 2 smd roundrect (at 1.4 0 90) (size 1.25 1.75) (layers F.Cu F.Paste F.Mask) (roundrect_rratio 0.2)
      (net 2 GND))
    (model ${KISYS3DMOD}/Capacitor_SMD.3dshapes/C_1206_3216Metric.wrl
      (at (xyz 0 0 0))
      (scale (xyz 1 1 1))
      (rotate (xyz 0 0 0))
    )
  )

  (module Capacitor_SMD:C_1206_3216Metric (layer F.Cu) (tedit 5B301BBE) (tstamp 5FE7694E)
    (at 70.104 40.513)
    (descr "Capacitor SMD 1206 (3216 Metric), square (rectangular) end terminal, IPC_7351 nominal, (Body size source: http://www.tortai-tech.com/upload/download/2011102023233369053.pdf), generated with kicad-footprint-generator")
    (tags capacitor)
    (path /5FDAF07C)
    (attr smd)
    (fp_text reference C5 (at -3.175 0) (layer F.SilkS)
      (effects (font (size 1 1) (thickness 0.15)))
    )
    (fp_text value 22pf (at 0 1.82) (layer F.Fab)
      (effects (font (size 1 1) (thickness 0.15)))
    )
    (fp_line (start -1.6 0.8) (end -1.6 -0.8) (layer F.Fab) (width 0.1))
    (fp_line (start -1.6 -0.8) (end 1.6 -0.8) (layer F.Fab) (width 0.1))
    (fp_line (start 1.6 -0.8) (end 1.6 0.8) (layer F.Fab) (width 0.1))
    (fp_line (start 1.6 0.8) (end -1.6 0.8) (layer F.Fab) (width 0.1))
    (fp_line (start -0.602064 -0.91) (end 0.602064 -0.91) (layer F.SilkS) (width 0.12))
    (fp_line (start -0.602064 0.91) (end 0.602064 0.91) (layer F.SilkS) (width 0.12))
    (fp_line (start -2.28 1.12) (end -2.28 -1.12) (layer F.CrtYd) (width 0.05))
    (fp_line (start -2.28 -1.12) (end 2.28 -1.12) (layer F.CrtYd) (width 0.05))
    (fp_line (start 2.28 -1.12) (end 2.28 1.12) (layer F.CrtYd) (width 0.05))
    (fp_line (start 2.28 1.12) (end -2.28 1.12) (layer F.CrtYd) (width 0.05))
    (fp_text user %R (at 0 0) (layer F.Fab)
      (effects (font (size 0.8 0.8) (thickness 0.12)))
    )
    (pad 1 smd roundrect (at -1.4 0) (size 1.25 1.75) (layers F.Cu F.Paste F.Mask) (roundrect_rratio 0.2)
      (net 2 GND))
    (pad 2 smd roundrect (at 1.4 0) (size 1.25 1.75) (layers F.Cu F.Paste F.Mask) (roundrect_rratio 0.2)
      (net 4 "Net-(C5-Pad2)"))
    (model ${KISYS3DMOD}/Capacitor_SMD.3dshapes/C_1206_3216Metric.wrl
      (at (xyz 0 0 0))
      (scale (xyz 1 1 1))
      (rotate (xyz 0 0 0))
    )
  )

  (module Capacitor_SMD:C_1206_3216Metric (layer F.Cu) (tedit 5B301BBE) (tstamp 5FE7695F)
    (at 69.977 45.466)
    (descr "Capacitor SMD 1206 (3216 Metric), square (rectangular) end terminal, IPC_7351 nominal, (Body size source: http://www.tortai-tech.com/upload/download/2011102023233369053.pdf), generated with kicad-footprint-generator")
    (tags capacitor)
    (path /5FDAF0DF)
    (attr smd)
    (fp_text reference C6 (at -3.175 -0.127) (layer F.SilkS)
      (effects (font (size 1 1) (thickness 0.15)))
    )
    (fp_text value 22pf (at 0 1.82) (layer F.Fab)
      (effects (font (size 1 1) (thickness 0.15)))
    )
    (fp_text user %R (at 0 0) (layer F.Fab)
      (effects (font (size 0.8 0.8) (thickness 0.12)))
    )
    (fp_line (start 2.28 1.12) (end -2.28 1.12) (layer F.CrtYd) (width 0.05))
    (fp_line (start 2.28 -1.12) (end 2.28 1.12) (layer F.CrtYd) (width 0.05))
    (fp_line (start -2.28 -1.12) (end 2.28 -1.12) (layer F.CrtYd) (width 0.05))
    (fp_line (start -2.28 1.12) (end -2.28 -1.12) (layer F.CrtYd) (width 0.05))
    (fp_line (start -0.602064 0.91) (end 0.602064 0.91) (layer F.SilkS) (width 0.12))
    (fp_line (start -0.602064 -0.91) (end 0.602064 -0.91) (layer F.SilkS) (width 0.12))
    (fp_line (start 1.6 0.8) (end -1.6 0.8) (layer F.Fab) (width 0.1))
    (fp_line (start 1.6 -0.8) (end 1.6 0.8) (layer F.Fab) (width 0.1))
    (fp_line (start -1.6 -0.8) (end 1.6 -0.8) (layer F.Fab) (width 0.1))
    (fp_line (start -1.6 0.8) (end -1.6 -0.8) (layer F.Fab) (width 0.1))
    (pad 2 smd roundrect (at 1.4 0) (size 1.25 1.75) (layers F.Cu F.Paste F.Mask) (roundrect_rratio 0.2)
      (net 5 "Net-(C6-Pad2)"))
    (pad 1 smd roundrect (at -1.4 0) (size 1.25 1.75) (layers F.Cu F.Paste F.Mask) (roundrect_rratio 0.2)
      (net 2 GND))
    (model ${KISYS3DMOD}/Capacitor_SMD.3dshapes/C_1206_3216Metric.wrl
      (at (xyz 0 0 0))
      (scale (xyz 1 1 1))
      (rotate (xyz 0 0 0))
    )
  )

  (module Connector_PinHeader_2.54mm:PinHeader_1x03_P2.54mm_Horizontal (layer F.Cu) (tedit 59FED5CB) (tstamp 5FE7699F)
    (at 80.264 33.401 90)
    (descr "Through hole angled pin header, 1x03, 2.54mm pitch, 6mm pin length, single row")
    (tags "Through hole angled pin header THT 1x03 2.54mm single row")
    (path /5FDAF38D)
    (fp_text reference J1 (at 11.303 1.778 180) (layer F.SilkS)
      (effects (font (size 1 1) (thickness 0.15)))
    )
    (fp_text value Conn_01x03_Female (at 5.207 -3.556 90) (layer F.Fab)
      (effects (font (size 1 1) (thickness 0.15)))
    )
    (fp_line (start 2.135 -1.27) (end 4.04 -1.27) (layer F.Fab) (width 0.1))
    (fp_line (start 4.04 -1.27) (end 4.04 6.35) (layer F.Fab) (width 0.1))
    (fp_line (start 4.04 6.35) (end 1.5 6.35) (layer F.Fab) (width 0.1))
    (fp_line (start 1.5 6.35) (end 1.5 -0.635) (layer F.Fab) (width 0.1))
    (fp_line (start 1.5 -0.635) (end 2.135 -1.27) (layer F.Fab) (width 0.1))
    (fp_line (start -0.32 -0.32) (end 1.5 -0.32) (layer F.Fab) (width 0.1))
    (fp_line (start -0.32 -0.32) (end -0.32 0.32) (layer F.Fab) (width 0.1))
    (fp_line (start -0.32 0.32) (end 1.5 0.32) (layer F.Fab) (width 0.1))
    (fp_line (start 4.04 -0.32) (end 10.04 -0.32) (layer F.Fab) (width 0.1))
    (fp_line (start 10.04 -0.32) (end 10.04 0.32) (layer F.Fab) (width 0.1))
    (fp_line (start 4.04 0.32) (end 10.04 0.32) (layer F.Fab) (width 0.1))
    (fp_line (start -0.32 2.22) (end 1.5 2.22) (layer F.Fab) (width 0.1))
    (fp_line (start -0.32 2.22) (end -0.32 2.86) (layer F.Fab) (width 0.1))
    (fp_line (start -0.32 2.86) (end 1.5 2.86) (layer F.Fab) (width 0.1))
    (fp_line (start 4.04 2.22) (end 10.04 2.22) (layer F.Fab) (width 0.1))
    (fp_line (start 10.04 2.22) (end 10.04 2.86) (layer F.Fab) (width 0.1))
    (fp_line (start 4.04 2.86) (end 10.04 2.86) (layer F.Fab) (width 0.1))
    (fp_line (start -0.32 4.76) (end 1.5 4.76) (layer F.Fab) (width 0.1))
    (fp_line (start -0.32 4.76) (end -0.32 5.4) (layer F.Fab) (width 0.1))
    (fp_line (start -0.32 5.4) (end 1.5 5.4) (layer F.Fab) (width 0.1))
    (fp_line (start 4.04 4.76) (end 10.04 4.76) (layer F.Fab) (width 0.1))
    (fp_line (start 10.04 4.76) (end 10.04 5.4) (layer F.Fab) (width 0.1))
    (fp_line (start 4.04 5.4) (end 10.04 5.4) (layer F.Fab) (width 0.1))
    (fp_line (start 1.44 -1.33) (end 1.44 6.41) (layer F.SilkS) (width 0.12))
    (fp_line (start 1.44 6.41) (end 4.1 6.41) (layer F.SilkS) (width 0.12))
    (fp_line (start 4.1 6.41) (end 4.1 -1.33) (layer F.SilkS) (width 0.12))
    (fp_line (start 4.1 -1.33) (end 1.44 -1.33) (layer F.SilkS) (width 0.12))
    (fp_line (start 4.1 -0.38) (end 10.1 -0.38) (layer F.SilkS) (width 0.12))
    (fp_line (start 10.1 -0.38) (end 10.1 0.38) (layer F.SilkS) (width 0.12))
    (fp_line (start 10.1 0.38) (end 4.1 0.38) (layer F.SilkS) (width 0.12))
    (fp_line (start 4.1 -0.32) (end 10.1 -0.32) (layer F.SilkS) (width 0.12))
    (fp_line (start 4.1 -0.2) (end 10.1 -0.2) (layer F.SilkS) (width 0.12))
    (fp_line (start 4.1 -0.08) (end 10.1 -0.08) (layer F.SilkS) (width 0.12))
    (fp_line (start 4.1 0.04) (end 10.1 0.04) (layer F.SilkS) (width 0.12))
    (fp_line (start 4.1 0.16) (end 10.1 0.16) (layer F.SilkS) (width 0.12))
    (fp_line (start 4.1 0.28) (end 10.1 0.28) (layer F.SilkS) (width 0.12))
    (fp_line (start 1.11 -0.38) (end 1.44 -0.38) (layer F.SilkS) (width 0.12))
    (fp_line (start 1.11 0.38) (end 1.44 0.38) (layer F.SilkS) (width 0.12))
    (fp_line (start 1.44 1.27) (end 4.1 1.27) (layer F.SilkS) (width 0.12))
    (fp_line (start 4.1 2.16) (end 10.1 2.16) (layer F.SilkS) (width 0.12))
    (fp_line (start 10.1 2.16) (end 10.1 2.92) (layer F.SilkS) (width 0.12))
    (fp_line (start 10.1 2.92) (end 4.1 2.92) (layer F.SilkS) (width 0.12))
    (fp_line (start 1.042929 2.16) (end 1.44 2.16) (layer F.SilkS) (width 0.12))
    (fp_line (start 1.042929 2.92) (end 1.44 2.92) (layer F.SilkS) (width 0.12))
    (fp_line (start 1.44 3.81) (end 4.1 3.81) (layer F.SilkS) (width 0.12))
    (fp_line (start 4.1 4.7) (end 10.1 4.7) (layer F.SilkS) (width 0.12))
    (fp_line (start 10.1 4.7) (end 10.1 5.46) (layer F.SilkS) (width 0.12))
    (fp_line (start 10.1 5.46) (end 4.1 5.46) (layer F.SilkS) (width 0.12))
    (fp_line (start 1.042929 4.7) (end 1.44 4.7) (layer F.SilkS) (width 0.12))
    (fp_line (start 1.042929 5.46) (end 1.44 5.46) (layer F.SilkS) (width 0.12))
    (fp_line (start -1.27 0) (end -1.27 -1.27) (layer F.SilkS) (width 0.12))
    (fp_line (start -1.27 -1.27) (end 0 -1.27) (layer F.SilkS) (width 0.12))
    (fp_line (start -1.8 -1.8) (end -1.8 6.85) (layer F.CrtYd) (width 0.05))
    (fp_line (start -1.8 6.85) (end 10.55 6.85) (layer F.CrtYd) (width 0.05))
    (fp_line (start 10.55 6.85) (end 10.55 -1.8) (layer F.CrtYd) (width 0.05))
    (fp_line (start 10.55 -1.8) (end -1.8 -1.8) (layer F.CrtYd) (width 0.05))
    (fp_text user %R (at 2.77 2.54 180) (layer F.Fab)
      (effects (font (size 1 1) (thickness 0.15)))
    )
    (pad 1 thru_hole rect (at 0 0 90) (size 1.7 1.7) (drill 1) (layers *.Cu *.Mask)
      (net 3 VCC_5V))
    (pad 2 thru_hole oval (at 0 2.54 90) (size 1.7 1.7) (drill 1) (layers *.Cu *.Mask)
      (net 6 DHT21_DATA))
    (pad 3 thru_hole oval (at 0 5.08 90) (size 1.7 1.7) (drill 1) (layers *.Cu *.Mask)
      (net 2 GND))
    (model ${KISYS3DMOD}/Connector_PinHeader_2.54mm.3dshapes/PinHeader_1x03_P2.54mm_Horizontal.wrl
      (at (xyz 0 0 0))
      (scale (xyz 1 1 1))
      (rotate (xyz 0 0 0))
    )
  )

  (module Connector_PinHeader_2.54mm:PinHeader_1x02_P2.54mm_Horizontal (layer F.Cu) (tedit 59FED5CB) (tstamp 5FE769D2)
    (at 70.5485 68.1355 90)
    (descr "Through hole angled pin header, 1x02, 2.54mm pitch, 6mm pin length, single row")
    (tags "Through hole angled pin header THT 1x02 2.54mm single row")
    (path /5FDAE38B)
    (fp_text reference J2 (at 8.255 1.27 90) (layer F.SilkS)
      (effects (font (size 1 1) (thickness 0.15)))
    )
    (fp_text value Power_Port (at 2.286 -2.54 90) (layer F.Fab)
      (effects (font (size 1 1) (thickness 0.15)))
    )
    (fp_line (start 2.135 -1.27) (end 4.04 -1.27) (layer F.Fab) (width 0.1))
    (fp_line (start 4.04 -1.27) (end 4.04 3.81) (layer F.Fab) (width 0.1))
    (fp_line (start 4.04 3.81) (end 1.5 3.81) (layer F.Fab) (width 0.1))
    (fp_line (start 1.5 3.81) (end 1.5 -0.635) (layer F.Fab) (width 0.1))
    (fp_line (start 1.5 -0.635) (end 2.135 -1.27) (layer F.Fab) (width 0.1))
    (fp_line (start -0.32 -0.32) (end 1.5 -0.32) (layer F.Fab) (width 0.1))
    (fp_line (start -0.32 -0.32) (end -0.32 0.32) (layer F.Fab) (width 0.1))
    (fp_line (start -0.32 0.32) (end 1.5 0.32) (layer F.Fab) (width 0.1))
    (fp_line (start 4.04 -0.32) (end 10.04 -0.32) (layer F.Fab) (width 0.1))
    (fp_line (start 10.04 -0.32) (end 10.04 0.32) (layer F.Fab) (width 0.1))
    (fp_line (start 4.04 0.32) (end 10.04 0.32) (layer F.Fab) (width 0.1))
    (fp_line (start -0.32 2.22) (end 1.5 2.22) (layer F.Fab) (width 0.1))
    (fp_line (start -0.32 2.22) (end -0.32 2.86) (layer F.Fab) (width 0.1))
    (fp_line (start -0.32 2.86) (end 1.5 2.86) (layer F.Fab) (width 0.1))
    (fp_line (start 4.04 2.22) (end 10.04 2.22) (layer F.Fab) (width 0.1))
    (fp_line (start 10.04 2.22) (end 10.04 2.86) (layer F.Fab) (width 0.1))
    (fp_line (start 4.04 2.86) (end 10.04 2.86) (layer F.Fab) (width 0.1))
    (fp_line (start 1.44 -1.33) (end 1.44 3.87) (layer F.SilkS) (width 0.12))
    (fp_line (start 1.44 3.87) (end 4.1 3.87) (layer F.SilkS) (width 0.12))
    (fp_line (start 4.1 3.87) (end 4.1 -1.33) (layer F.SilkS) (width 0.12))
    (fp_line (start 4.1 -1.33) (end 1.44 -1.33) (layer F.SilkS) (width 0.12))
    (fp_line (start 4.1 -0.38) (end 10.1 -0.38) (layer F.SilkS) (width 0.12))
    (fp_line (start 10.1 -0.38) (end 10.1 0.38) (layer F.SilkS) (width 0.12))
    (fp_line (start 10.1 0.38) (end 4.1 0.38) (layer F.SilkS) (width 0.12))
    (fp_line (start 4.1 -0.32) (end 10.1 -0.32) (layer F.SilkS) (width 0.12))
    (fp_line (start 4.1 -0.2) (end 10.1 -0.2) (layer F.SilkS) (width 0.12))
    (fp_line (start 4.1 -0.08) (end 10.1 -0.08) (layer F.SilkS) (width 0.12))
    (fp_line (start 4.1 0.04) (end 10.1 0.04) (layer F.SilkS) (width 0.12))
    (fp_line (start 4.1 0.16) (end 10.1 0.16) (layer F.SilkS) (width 0.12))
    (fp_line (start 4.1 0.28) (end 10.1 0.28) (layer F.SilkS) (width 0.12))
    (fp_line (start 1.11 -0.38) (end 1.44 -0.38) (layer F.SilkS) (width 0.12))
    (fp_line (start 1.11 0.38) (end 1.44 0.38) (layer F.SilkS) (width 0.12))
    (fp_line (start 1.44 1.27) (end 4.1 1.27) (layer F.SilkS) (width 0.12))
    (fp_line (start 4.1 2.16) (end 10.1 2.16) (layer F.SilkS) (width 0.12))
    (fp_line (start 10.1 2.16) (end 10.1 2.92) (layer F.SilkS) (width 0.12))
    (fp_line (start 10.1 2.92) (end 4.1 2.92) (layer F.SilkS) (width 0.12))
    (fp_line (start 1.042929 2.16) (end 1.44 2.16) (layer F.SilkS) (width 0.12))
    (fp_line (start 1.042929 2.92) (end 1.44 2.92) (layer F.SilkS) (width 0.12))
    (fp_line (start -1.27 0) (end -1.27 -1.27) (layer F.SilkS) (width 0.12))
    (fp_line (start -1.27 -1.27) (end 0 -1.27) (layer F.SilkS) (width 0.12))
    (fp_line (start -1.8 -1.8) (end -1.8 4.35) (layer F.CrtYd) (width 0.05))
    (fp_line (start -1.8 4.35) (end 10.55 4.35) (layer F.CrtYd) (width 0.05))
    (fp_line (start 10.55 4.35) (end 10.55 -1.8) (layer F.CrtYd) (width 0.05))
    (fp_line (start 10.55 -1.8) (end -1.8 -1.8) (layer F.CrtYd) (width 0.05))
    (fp_text user %R (at 2.77 1.27 180) (layer F.Fab)
      (effects (font (size 1 1) (thickness 0.15)))
    )
    (pad 1 thru_hole rect (at 0 0 90) (size 1.7 1.7) (drill 1) (layers *.Cu *.Mask)
      (net 1 +9V))
    (pad 2 thru_hole oval (at 0 2.54 90) (size 1.7 1.7) (drill 1) (layers *.Cu *.Mask)
      (net 2 GND))
    (model ${KISYS3DMOD}/Connector_PinHeader_2.54mm.3dshapes/PinHeader_1x02_P2.54mm_Horizontal.wrl
      (at (xyz 0 0 0))
      (scale (xyz 1 1 1))
      (rotate (xyz 0 0 0))
    )
  )

  (module Resistor_SMD:R_1206_3216Metric (layer F.Cu) (tedit 5B301BBD) (tstamp 5FE769E3)
    (at 90.297 33.782)
    (descr "Resistor SMD 1206 (3216 Metric), square (rectangular) end terminal, IPC_7351 nominal, (Body size source: http://www.tortai-tech.com/upload/download/2011102023233369053.pdf), generated with kicad-footprint-generator")
    (tags resistor)
    (path /5FDAD93C)
    (attr smd)
    (fp_text reference R1 (at 3.3655 -0.0635) (layer F.SilkS)
      (effects (font (size 1 1) (thickness 0.15)))
    )
    (fp_text value "100 K" (at 0 1.82) (layer F.Fab)
      (effects (font (size 1 1) (thickness 0.15)))
    )
    (fp_line (start -1.6 0.8) (end -1.6 -0.8) (layer F.Fab) (width 0.1))
    (fp_line (start -1.6 -0.8) (end 1.6 -0.8) (layer F.Fab) (width 0.1))
    (fp_line (start 1.6 -0.8) (end 1.6 0.8) (layer F.Fab) (width 0.1))
    (fp_line (start 1.6 0.8) (end -1.6 0.8) (layer F.Fab) (width 0.1))
    (fp_line (start -0.602064 -0.91) (end 0.602064 -0.91) (layer F.SilkS) (width 0.12))
    (fp_line (start -0.602064 0.91) (end 0.602064 0.91) (layer F.SilkS) (width 0.12))
    (fp_line (start -2.28 1.12) (end -2.28 -1.12) (layer F.CrtYd) (width 0.05))
    (fp_line (start -2.28 -1.12) (end 2.28 -1.12) (layer F.CrtYd) (width 0.05))
    (fp_line (start 2.28 -1.12) (end 2.28 1.12) (layer F.CrtYd) (width 0.05))
    (fp_line (start 2.28 1.12) (end -2.28 1.12) (layer F.CrtYd) (width 0.05))
    (fp_text user %R (at 0 0) (layer F.Fab)
      (effects (font (size 0.8 0.8) (thickness 0.12)))
    )
    (pad 1 smd roundrect (at -1.4 0) (size 1.25 1.75) (layers F.Cu F.Paste F.Mask) (roundrect_rratio 0.2)
      (net 3 VCC_5V))
    (pad 2 smd roundrect (at 1.4 0) (size 1.25 1.75) (layers F.Cu F.Paste F.Mask) (roundrect_rratio 0.2)
      (net 7 "Net-(R1-Pad2)"))
    (model ${KISYS3DMOD}/Resistor_SMD.3dshapes/R_1206_3216Metric.wrl
      (at (xyz 0 0 0))
      (scale (xyz 1 1 1))
      (rotate (xyz 0 0 0))
    )
  )

  (module Button_Switch_SMD:SW_SPST_B3SL-1022P (layer F.Cu) (tedit 5A02FC95) (tstamp 5FE769FD)
    (at 92.456 28.321)
    (descr "Middle Stroke Tactile Switch, B3SL")
    (tags "Middle Stroke Tactile Switch")
    (path /5FDADA0C)
    (attr smd)
    (fp_text reference SW1 (at 3.175 4.318) (layer F.SilkS)
      (effects (font (size 1 1) (thickness 0.15)))
    )
    (fp_text value SW_Push (at 0 -5.842) (layer F.Fab)
      (effects (font (size 1 1) (thickness 0.15)))
    )
    (fp_text user %R (at 0 -4.5) (layer F.Fab)
      (effects (font (size 1 1) (thickness 0.15)))
    )
    (fp_line (start -4.5 3.65) (end 4.5 3.65) (layer F.CrtYd) (width 0.05))
    (fp_line (start 4.5 3.65) (end 4.5 -3.65) (layer F.CrtYd) (width 0.05))
    (fp_line (start 4.5 -3.65) (end -4.5 -3.65) (layer F.CrtYd) (width 0.05))
    (fp_line (start -4.5 -3.65) (end -4.5 3.65) (layer F.CrtYd) (width 0.05))
    (fp_line (start 3.25 2.75) (end 3.25 3.4) (layer F.SilkS) (width 0.12))
    (fp_line (start 3.25 3.4) (end -3.25 3.4) (layer F.SilkS) (width 0.12))
    (fp_line (start -3.25 3.4) (end -3.25 2.75) (layer F.SilkS) (width 0.12))
    (fp_line (start 3.25 -2.75) (end 3.25 -3.4) (layer F.SilkS) (width 0.12))
    (fp_line (start 3.25 -3.4) (end -3.25 -3.4) (layer F.SilkS) (width 0.12))
    (fp_line (start -3.25 -3.4) (end -3.25 -2.75) (layer F.SilkS) (width 0.12))
    (fp_line (start 3.25 -1.25) (end 3.25 1.25) (layer F.SilkS) (width 0.12))
    (fp_line (start -3.25 -1.25) (end -3.25 1.25) (layer F.SilkS) (width 0.12))
    (fp_line (start -3.1 -3.25) (end 3.1 -3.25) (layer F.Fab) (width 0.1))
    (fp_line (start 3.1 -3.25) (end 3.1 3.25) (layer F.Fab) (width 0.1))
    (fp_line (start 3.1 3.25) (end -3.1 3.25) (layer F.Fab) (width 0.1))
    (fp_line (start -3.1 3.25) (end -3.1 -3.25) (layer F.Fab) (width 0.1))
    (fp_circle (center 0 0) (end 1.25 0) (layer F.Fab) (width 0.1))
    (pad 1 smd rect (at -2.88 -2) (size 2.75 1) (layers F.Cu F.Paste F.Mask)
      (net 3 VCC_5V))
    (pad 1 smd rect (at 2.88 -2) (size 2.75 1) (layers F.Cu F.Paste F.Mask)
      (net 3 VCC_5V))
    (pad 2 smd rect (at 2.88 2) (size 2.75 1) (layers F.Cu F.Paste F.Mask)
      (net 2 GND))
    (pad 2 smd rect (at -2.88 2) (size 2.75 1) (layers F.Cu F.Paste F.Mask)
      (net 2 GND))
    (model ${KISYS3DMOD}/Button_Switch_SMD.3dshapes/SW_SPST_B3SL-1022P.wrl
      (at (xyz 0 0 0))
      (scale (xyz 1 1 1))
      (rotate (xyz 0 0 0))
    )
  )

  (module Package_TO_SOT_SMD:SOT-223-3_TabPin2 (layer F.Cu) (tedit 5A02FF57) (tstamp 5FE76A13)
    (at 79.0575 65.4685 270)
    (descr "module CMS SOT223 4 pins")
    (tags "CMS SOT")
    (path /5FDADCE0)
    (attr smd)
    (fp_text reference U1 (at -5.842 -0.254 270) (layer F.SilkS)
      (effects (font (size 1 1) (thickness 0.15)))
    )
    (fp_text value AMS1117-5.0 (at -0.508 -4.826 270) (layer F.Fab)
      (effects (font (size 1 1) (thickness 0.15)))
    )
    (fp_text user %R (at 0 0) (layer F.Fab)
      (effects (font (size 0.8 0.8) (thickness 0.12)))
    )
    (fp_line (start 1.91 3.41) (end 1.91 2.15) (layer F.SilkS) (width 0.12))
    (fp_line (start 1.91 -3.41) (end 1.91 -2.15) (layer F.SilkS) (width 0.12))
    (fp_line (start 4.4 -3.6) (end -4.4 -3.6) (layer F.CrtYd) (width 0.05))
    (fp_line (start 4.4 3.6) (end 4.4 -3.6) (layer F.CrtYd) (width 0.05))
    (fp_line (start -4.4 3.6) (end 4.4 3.6) (layer F.CrtYd) (width 0.05))
    (fp_line (start -4.4 -3.6) (end -4.4 3.6) (layer F.CrtYd) (width 0.05))
    (fp_line (start -1.85 -2.35) (end -0.85 -3.35) (layer F.Fab) (width 0.1))
    (fp_line (start -1.85 -2.35) (end -1.85 3.35) (layer F.Fab) (width 0.1))
    (fp_line (start -1.85 3.41) (end 1.91 3.41) (layer F.SilkS) (width 0.12))
    (fp_line (start -0.85 -3.35) (end 1.85 -3.35) (layer F.Fab) (width 0.1))
    (fp_line (start -4.1 -3.41) (end 1.91 -3.41) (layer F.SilkS) (width 0.12))
    (fp_line (start -1.85 3.35) (end 1.85 3.35) (layer F.Fab) (width 0.1))
    (fp_line (start 1.85 -3.35) (end 1.85 3.35) (layer F.Fab) (width 0.1))
    (pad 2 smd rect (at 3.15 0 270) (size 2 3.8) (layers F.Cu F.Paste F.Mask)
      (net 3 VCC_5V))
    (pad 2 smd rect (at -3.15 0 270) (size 2 1.5) (layers F.Cu F.Paste F.Mask)
      (net 3 VCC_5V))
    (pad 3 smd rect (at -3.15 2.3 270) (size 2 1.5) (layers F.Cu F.Paste F.Mask)
      (net 1 +9V))
    (pad 1 smd rect (at -3.15 -2.3 270) (size 2 1.5) (layers F.Cu F.Paste F.Mask)
      (net 2 GND))
    (model ${KISYS3DMOD}/Package_TO_SOT_SMD.3dshapes/SOT-223.wrl
      (at (xyz 0 0 0))
      (scale (xyz 1 1 1))
      (rotate (xyz 0 0 0))
    )
  )

  (module Package_QFP:TQFP-32_7x7mm_P0.8mm (layer F.Cu) (tedit 5A02F146) (tstamp 5FE76A4A)
    (at 92.964 42.799)
    (descr "32-Lead Plastic Thin Quad Flatpack (PT) - 7x7x1.0 mm Body, 2.00 mm [TQFP] (see Microchip Packaging Specification 00000049BS.pdf)")
    (tags "QFP 0.8")
    (path /5FDAD7C4)
    (attr smd)
    (fp_text reference U2 (at 4.5085 -5.969) (layer F.SilkS)
      (effects (font (size 1 1) (thickness 0.15)))
    )
    (fp_text value ATmega328-AU (at 0 6.05) (layer F.Fab)
      (effects (font (size 1 1) (thickness 0.15)))
    )
    (fp_text user %R (at 0 0) (layer F.Fab)
      (effects (font (size 1 1) (thickness 0.15)))
    )
    (fp_line (start -2.5 -3.5) (end 3.5 -3.5) (layer F.Fab) (width 0.15))
    (fp_line (start 3.5 -3.5) (end 3.5 3.5) (layer F.Fab) (width 0.15))
    (fp_line (start 3.5 3.5) (end -3.5 3.5) (layer F.Fab) (width 0.15))
    (fp_line (start -3.5 3.5) (end -3.5 -2.5) (layer F.Fab) (width 0.15))
    (fp_line (start -3.5 -2.5) (end -2.5 -3.5) (layer F.Fab) (width 0.15))
    (fp_line (start -5.3 -5.3) (end -5.3 5.3) (layer F.CrtYd) (width 0.05))
    (fp_line (start 5.3 -5.3) (end 5.3 5.3) (layer F.CrtYd) (width 0.05))
    (fp_line (start -5.3 -5.3) (end 5.3 -5.3) (layer F.CrtYd) (width 0.05))
    (fp_line (start -5.3 5.3) (end 5.3 5.3) (layer F.CrtYd) (width 0.05))
    (fp_line (start -3.625 -3.625) (end -3.625 -3.4) (layer F.SilkS) (width 0.15))
    (fp_line (start 3.625 -3.625) (end 3.625 -3.3) (layer F.SilkS) (width 0.15))
    (fp_line (start 3.625 3.625) (end 3.625 3.3) (layer F.SilkS) (width 0.15))
    (fp_line (start -3.625 3.625) (end -3.625 3.3) (layer F.SilkS) (width 0.15))
    (fp_line (start -3.625 -3.625) (end -3.3 -3.625) (layer F.SilkS) (width 0.15))
    (fp_line (start -3.625 3.625) (end -3.3 3.625) (layer F.SilkS) (width 0.15))
    (fp_line (start 3.625 3.625) (end 3.3 3.625) (layer F.SilkS) (width 0.15))
    (fp_line (start 3.625 -3.625) (end 3.3 -3.625) (layer F.SilkS) (width 0.15))
    (fp_line (start -3.625 -3.4) (end -5.05 -3.4) (layer F.SilkS) (width 0.15))
    (pad 1 smd rect (at -4.25 -2.8) (size 1.6 0.55) (layers F.Cu F.Paste F.Mask)
      (net 8 "Net-(U2-Pad1)"))
    (pad 2 smd rect (at -4.25 -2) (size 1.6 0.55) (layers F.Cu F.Paste F.Mask)
      (net 9 "Net-(U2-Pad2)"))
    (pad 3 smd rect (at -4.25 -1.2) (size 1.6 0.55) (layers F.Cu F.Paste F.Mask)
      (net 2 GND))
    (pad 4 smd rect (at -4.25 -0.4) (size 1.6 0.55) (layers F.Cu F.Paste F.Mask)
      (net 3 VCC_5V))
    (pad 5 smd rect (at -4.25 0.4) (size 1.6 0.55) (layers F.Cu F.Paste F.Mask)
      (net 2 GND))
    (pad 6 smd rect (at -4.25 1.2) (size 1.6 0.55) (layers F.Cu F.Paste F.Mask)
      (net 3 VCC_5V))
    (pad 7 smd rect (at -4.25 2) (size 1.6 0.55) (layers F.Cu F.Paste F.Mask)
      (net 4 "Net-(C5-Pad2)"))
    (pad 8 smd rect (at -4.25 2.8) (size 1.6 0.55) (layers F.Cu F.Paste F.Mask)
      (net 5 "Net-(C6-Pad2)"))
    (pad 9 smd rect (at -2.8 4.25 90) (size 1.6 0.55) (layers F.Cu F.Paste F.Mask)
      (net 10 "Net-(U2-Pad9)"))
    (pad 10 smd rect (at -2 4.25 90) (size 1.6 0.55) (layers F.Cu F.Paste F.Mask)
      (net 11 "Net-(U2-Pad10)"))
    (pad 11 smd rect (at -1.2 4.25 90) (size 1.6 0.55) (layers F.Cu F.Paste F.Mask)
      (net 12 "Net-(U2-Pad11)"))
    (pad 12 smd rect (at -0.4 4.25 90) (size 1.6 0.55) (layers F.Cu F.Paste F.Mask)
      (net 13 "Net-(U2-Pad12)"))
    (pad 13 smd rect (at 0.4 4.25 90) (size 1.6 0.55) (layers F.Cu F.Paste F.Mask)
      (net 14 "Net-(U2-Pad13)"))
    (pad 14 smd rect (at 1.2 4.25 90) (size 1.6 0.55) (layers F.Cu F.Paste F.Mask)
      (net 15 "Net-(U2-Pad14)"))
    (pad 15 smd rect (at 2 4.25 90) (size 1.6 0.55) (layers F.Cu F.Paste F.Mask)
      (net 16 "Net-(U2-Pad15)"))
    (pad 16 smd rect (at 2.8 4.25 90) (size 1.6 0.55) (layers F.Cu F.Paste F.Mask)
      (net 17 "Net-(U2-Pad16)"))
    (pad 17 smd rect (at 4.25 2.8) (size 1.6 0.55) (layers F.Cu F.Paste F.Mask)
      (net 18 "Net-(U2-Pad17)"))
    (pad 18 smd rect (at 4.25 2) (size 1.6 0.55) (layers F.Cu F.Paste F.Mask)
      (net 3 VCC_5V))
    (pad 19 smd rect (at 4.25 1.2) (size 1.6 0.55) (layers F.Cu F.Paste F.Mask)
      (net 19 "Net-(U2-Pad19)"))
    (pad 20 smd rect (at 4.25 0.4) (size 1.6 0.55) (layers F.Cu F.Paste F.Mask)
      (net 20 "Net-(U2-Pad20)"))
    (pad 21 smd rect (at 4.25 -0.4) (size 1.6 0.55) (layers F.Cu F.Paste F.Mask)
      (net 2 GND))
    (pad 22 smd rect (at 4.25 -1.2) (size 1.6 0.55) (layers F.Cu F.Paste F.Mask)
      (net 21 "Net-(U2-Pad22)"))
    (pad 23 smd rect (at 4.25 -2) (size 1.6 0.55) (layers F.Cu F.Paste F.Mask)
      (net 22 "Net-(U2-Pad23)"))
    (pad 24 smd rect (at 4.25 -2.8) (size 1.6 0.55) (layers F.Cu F.Paste F.Mask)
      (net 23 "Net-(U2-Pad24)"))
    (pad 25 smd rect (at 2.8 -4.25 90) (size 1.6 0.55) (layers F.Cu F.Paste F.Mask)
      (net 24 "Net-(U2-Pad25)"))
    (pad 26 smd rect (at 2 -4.25 90) (size 1.6 0.55) (layers F.Cu F.Paste F.Mask)
      (net 25 "Net-(U2-Pad26)"))
    (pad 27 smd rect (at 1.2 -4.25 90) (size 1.6 0.55) (layers F.Cu F.Paste F.Mask)
      (net 26 "Net-(U2-Pad27)"))
    (pad 28 smd rect (at 0.4 -4.25 90) (size 1.6 0.55) (layers F.Cu F.Paste F.Mask)
      (net 27 "Net-(U2-Pad28)"))
    (pad 29 smd rect (at -0.4 -4.25 90) (size 1.6 0.55) (layers F.Cu F.Paste F.Mask)
      (net 7 "Net-(R1-Pad2)"))
    (pad 30 smd rect (at -1.2 -4.25 90) (size 1.6 0.55) (layers F.Cu F.Paste F.Mask)
      (net 28 "Net-(U2-Pad30)"))
    (pad 31 smd rect (at -2 -4.25 90) (size 1.6 0.55) (layers F.Cu F.Paste F.Mask)
      (net 29 "Net-(U2-Pad31)"))
    (pad 32 smd rect (at -2.8 -4.25 90) (size 1.6 0.55) (layers F.Cu F.Paste F.Mask)
      (net 6 DHT21_DATA))
    (model ${KISYS3DMOD}/Package_QFP.3dshapes/TQFP-32_7x7mm_P0.8mm.wrl
      (at (xyz 0 0 0))
      (scale (xyz 1 1 1))
      (rotate (xyz 0 0 0))
    )
  )

  (module Crystal:Resonator-2Pin_W10.0mm_H5.0mm (layer F.Cu) (tedit 5A0FD1B2) (tstamp 5FE76A61)
    (at 76.327 40.513 270)
    (descr "Ceramic Resomator/Filter 10.0x5.0 RedFrequency MG/MT/MX series, http://www.red-frequency.com/download/datenblatt/redfrequency-datenblatt-ir-zta.pdf, length*width=10.0x5.0mm^2 package, package length=10.0mm, package width=5.0mm, 2 pins")
    (tags "THT ceramic resonator filter")
    (path /5FDAF01C)
    (fp_text reference Y1 (at 2.5 -3.7 270) (layer F.SilkS)
      (effects (font (size 1 1) (thickness 0.15)))
    )
    (fp_text value 20Mhz (at -3.556 0.381) (layer F.Fab)
      (effects (font (size 1 1) (thickness 0.15)))
    )
    (fp_text user %R (at 2.5 0 270) (layer F.Fab)
      (effects (font (size 1 1) (thickness 0.15)))
    )
    (fp_line (start 0 -2.5) (end 5 -2.5) (layer F.Fab) (width 0.1))
    (fp_line (start 0 2.5) (end 5 2.5) (layer F.Fab) (width 0.1))
    (fp_line (start 0 -2.5) (end 5 -2.5) (layer F.Fab) (width 0.1))
    (fp_line (start 0 2.5) (end 5 2.5) (layer F.Fab) (width 0.1))
    (fp_line (start 0 -2.7) (end 5 -2.7) (layer F.SilkS) (width 0.12))
    (fp_line (start 0 2.7) (end 5 2.7) (layer F.SilkS) (width 0.12))
    (fp_line (start -3 -3) (end -3 3) (layer F.CrtYd) (width 0.05))
    (fp_line (start -3 3) (end 8 3) (layer F.CrtYd) (width 0.05))
    (fp_line (start 8 3) (end 8 -3) (layer F.CrtYd) (width 0.05))
    (fp_line (start 8 -3) (end -3 -3) (layer F.CrtYd) (width 0.05))
    (fp_arc (start 0 0) (end 0 -2.5) (angle -180) (layer F.Fab) (width 0.1))
    (fp_arc (start 5 0) (end 5 -2.5) (angle 180) (layer F.Fab) (width 0.1))
    (fp_arc (start 0 0) (end 0 -2.5) (angle -180) (layer F.Fab) (width 0.1))
    (fp_arc (start 5 0) (end 5 -2.5) (angle 180) (layer F.Fab) (width 0.1))
    (fp_arc (start 0 0) (end 0 -2.7) (angle -180) (layer F.SilkS) (width 0.12))
    (fp_arc (start 5 0) (end 5 -2.7) (angle 180) (layer F.SilkS) (width 0.12))
    (pad 1 thru_hole circle (at 0 0 270) (size 1.5 1.5) (drill 0.8) (layers *.Cu *.Mask)
      (net 4 "Net-(C5-Pad2)"))
    (pad 2 thru_hole circle (at 5 0 270) (size 1.5 1.5) (drill 0.8) (layers *.Cu *.Mask)
      (net 5 "Net-(C6-Pad2)"))
    (model ${KISYS3DMOD}/Crystal.3dshapes/Resonator-2Pin_W10.0mm_H5.0mm.wrl
      (at (xyz 0 0 0))
      (scale (xyz 1 1 1))
      (rotate (xyz 0 0 0))
    )
  )

