(kicad_pcb (version 20171130) (host pcbnew 5.0.2+dfsg1-1)

  (general
    (thickness 1.6)
    (drawings 23)
    (tracks 406)
    (zones 0)
    (modules 49)
    (nets 63)
  )

  (page A4)
  (layers
    (0 F.Cu signal)
    (31 B.Cu signal)
    (32 B.Adhes user)
    (33 F.Adhes user)
    (34 B.Paste user)
    (35 F.Paste user)
    (36 B.SilkS user)
    (37 F.SilkS user)
    (38 B.Mask user)
    (39 F.Mask user)
    (40 Dwgs.User user)
    (41 Cmts.User user)
    (42 Eco1.User user)
    (43 Eco2.User user)
    (44 Edge.Cuts user)
    (45 Margin user)
    (46 B.CrtYd user)
    (47 F.CrtYd user)
    (48 B.Fab user)
    (49 F.Fab user)
  )

  (setup
    (last_trace_width 0.25)
    (user_trace_width 0.3)
    (user_trace_width 0.5)
    (trace_clearance 0.2)
    (zone_clearance 0.508)
    (zone_45_only no)
    (trace_min 0.2)
    (segment_width 0.2)
    (edge_width 0.15)
    (via_size 0.8)
    (via_drill 0.4)
    (via_min_size 0.4)
    (via_min_drill 0.3)
    (user_via 2.54 1.27)
    (uvia_size 0.3)
    (uvia_drill 0.1)
    (uvias_allowed no)
    (uvia_min_size 0.2)
    (uvia_min_drill 0.1)
    (pcb_text_width 0.3)
    (pcb_text_size 1.5 1.5)
    (mod_edge_width 0.15)
    (mod_text_size 1 1)
    (mod_text_width 0.15)
    (pad_size 1.524 1.524)
    (pad_drill 0.762)
    (pad_to_mask_clearance 0.051)
    (solder_mask_min_width 0.25)
    (aux_axis_origin 0 0)
    (grid_origin 41.529 21.59)
    (visible_elements FFFFFF7F)
    (pcbplotparams
      (layerselection 0x010fc_ffffffff)
      (usegerberextensions false)
      (usegerberattributes false)
      (usegerberadvancedattributes false)
      (creategerberjobfile false)
      (excludeedgelayer true)
      (linewidth 0.100000)
      (plotframeref false)
      (viasonmask false)
      (mode 1)
      (useauxorigin false)
      (hpglpennumber 1)
      (hpglpenspeed 20)
      (hpglpendiameter 15.000000)
      (psnegative false)
      (psa4output false)
      (plotreference true)
      (plotvalue true)
      (plotinvisibletext false)
      (padsonsilk false)
      (subtractmaskfromsilk false)
      (outputformat 1)
      (mirror false)
      (drillshape 1)
      (scaleselection 1)
      (outputdirectory ""))
  )

  (net 0 "")
  (net 1 SWITCHPOWER)
  (net 2 /Regulator_in)
  (net 3 SIGNALOUT)
  (net 4 "Net-(C3-Pad2)")
  (net 5 +3V3)
  (net 6 "Net-(C5-Pad2)")
  (net 7 "Net-(C5-Pad1)")
  (net 8 "Net-(C6-Pad2)")
  (net 9 REFOUT)
  (net 10 "Net-(C8-Pad1)")
  (net 11 "Net-(C8-Pad2)")
  (net 12 GND)
  (net 13 "Net-(C10-Pad2)")
  (net 14 "Net-(C11-Pad2)")
  (net 15 "Net-(C12-Pad2)")
  (net 16 "Net-(D1-Pad1)")
  (net 17 "Net-(D1-Pad2)")
  (net 18 "Net-(J1-Pad2)")
  (net 19 "Net-(J3-Pad2)")
  (net 20 "Net-(J5-Pad3)")
  (net 21 "Net-(J5-Pad2)")
  (net 22 RX)
  (net 23 TX)
  (net 24 "Net-(M1-Pad2)")
  (net 25 "Net-(M1-Pad3)")
  (net 26 "Net-(M1-Pad9)")
  (net 27 LO-)
  (net 28 LO+)
  (net 29 SDN)
  (net 30 "Net-(M1-Pad14)")
  (net 31 "Net-(M1-Pad19)")
  (net 32 "Net-(R1-Pad1)")
  (net 33 LA)
  (net 34 RA)
  (net 35 RL)
  (net 36 "Net-(R13-Pad1)")
  (net 37 "Net-(U2-Pad4)")
  (net 38 "Net-(U2-Pad5)")
  (net 39 "Net-(U2-Pad7)")
  (net 40 "Net-(U2-Pad8)")
  (net 41 "Net-(U2-Pad9)")
  (net 42 "Net-(U2-Pad10)")
  (net 43 "Net-(U2-Pad11)")
  (net 44 "Net-(U2-Pad12)")
  (net 45 "Net-(U2-Pad13)")
  (net 46 "Net-(U2-Pad14)")
  (net 47 "Net-(U2-Pad16)")
  (net 48 "Net-(U2-Pad17)")
  (net 49 "Net-(U2-Pad18)")
  (net 50 "Net-(U2-Pad19)")
  (net 51 "Net-(U2-Pad20)")
  (net 52 "Net-(U2-Pad23)")
  (net 53 "Net-(U2-Pad24)")
  (net 54 "Net-(U2-Pad25)")
  (net 55 "Net-(U2-Pad26)")
  (net 56 "Net-(U2-Pad29)")
  (net 57 "Net-(U2-Pad30)")
  (net 58 "Net-(U2-Pad31)")
  (net 59 "Net-(U2-Pad32)")
  (net 60 "Net-(U2-Pad33)")
  (net 61 "Net-(U2-Pad36)")
  (net 62 "Net-(U2-Pad37)")

  (net_class Default "This is the default net class."
    (clearance 0.2)
    (trace_width 0.25)
    (via_dia 0.8)
    (via_drill 0.4)
    (uvia_dia 0.3)
    (uvia_drill 0.1)
    (add_net +3V3)
    (add_net /Regulator_in)
    (add_net GND)
    (add_net LA)
    (add_net LO+)
    (add_net LO-)
    (add_net "Net-(C10-Pad2)")
    (add_net "Net-(C11-Pad2)")
    (add_net "Net-(C12-Pad2)")
    (add_net "Net-(C3-Pad2)")
    (add_net "Net-(C5-Pad1)")
    (add_net "Net-(C5-Pad2)")
    (add_net "Net-(C6-Pad2)")
    (add_net "Net-(C8-Pad1)")
    (add_net "Net-(C8-Pad2)")
    (add_net "Net-(D1-Pad1)")
    (add_net "Net-(D1-Pad2)")
    (add_net "Net-(J1-Pad2)")
    (add_net "Net-(J3-Pad2)")
    (add_net "Net-(J5-Pad2)")
    (add_net "Net-(J5-Pad3)")
    (add_net "Net-(M1-Pad14)")
    (add_net "Net-(M1-Pad19)")
    (add_net "Net-(M1-Pad2)")
    (add_net "Net-(M1-Pad3)")
    (add_net "Net-(M1-Pad9)")
    (add_net "Net-(R1-Pad1)")
    (add_net "Net-(R13-Pad1)")
    (add_net "Net-(U2-Pad10)")
    (add_net "Net-(U2-Pad11)")
    (add_net "Net-(U2-Pad12)")
    (add_net "Net-(U2-Pad13)")
    (add_net "Net-(U2-Pad14)")
    (add_net "Net-(U2-Pad16)")
    (add_net "Net-(U2-Pad17)")
    (add_net "Net-(U2-Pad18)")
    (add_net "Net-(U2-Pad19)")
    (add_net "Net-(U2-Pad20)")
    (add_net "Net-(U2-Pad23)")
    (add_net "Net-(U2-Pad24)")
    (add_net "Net-(U2-Pad25)")
    (add_net "Net-(U2-Pad26)")
    (add_net "Net-(U2-Pad29)")
    (add_net "Net-(U2-Pad30)")
    (add_net "Net-(U2-Pad31)")
    (add_net "Net-(U2-Pad32)")
    (add_net "Net-(U2-Pad33)")
    (add_net "Net-(U2-Pad36)")
    (add_net "Net-(U2-Pad37)")
    (add_net "Net-(U2-Pad4)")
    (add_net "Net-(U2-Pad5)")
    (add_net "Net-(U2-Pad7)")
    (add_net "Net-(U2-Pad8)")
    (add_net "Net-(U2-Pad9)")
    (add_net RA)
    (add_net REFOUT)
    (add_net RL)
    (add_net RX)
    (add_net SDN)
    (add_net SIGNALOUT)
    (add_net SWITCHPOWER)
    (add_net TX)
  )

  (module Connectors:AUDIO-JACK-3.5MM-SMD (layer F.Cu) (tedit 5963E4E9) (tstamp 5EE256C6)
    (at 80.264 24.257 270)
    (descr "3.5MM STEREO AUDIO JACK - SURFACE MOUNT")
    (tags "3.5MM STEREO AUDIO JACK - SURFACE MOUNT")
    (path /5EDC6DE8)
    (attr smd)
    (fp_text reference J2 (at 7.62 -3.556 270) (layer F.SilkS)
      (effects (font (size 0.6096 0.6096) (thickness 0.127)))
    )
    (fp_text value AUDIO_JACK_2.5MM_2.5MM (at 7.62 3.683 270) (layer F.SilkS)
      (effects (font (size 0.6096 0.6096) (thickness 0.127)))
    )
    (fp_line (start 3.8989 2.99974) (end 10.1981 2.99974) (layer F.SilkS) (width 0.254))
    (fp_line (start 14.49832 0.635) (end 14.49832 2.99974) (layer F.SilkS) (width 0.254))
    (fp_line (start 14.49832 2.99974) (end 13.19784 2.99974) (layer F.SilkS) (width 0.254))
    (fp_line (start 14.49832 -2.20726) (end 14.49832 -2.99974) (layer F.SilkS) (width 0.254))
    (fp_line (start 14.49832 -2.99974) (end 5.69976 -2.99974) (layer F.SilkS) (width 0.254))
    (fp_line (start 0.49784 -2.99974) (end 0 -2.99974) (layer F.SilkS) (width 0.254))
    (fp_line (start 0 -2.99974) (end 0 2.49936) (layer F.SilkS) (width 0.254))
    (fp_line (start 0 2.49936) (end 0 2.99974) (layer F.SilkS) (width 0.254))
    (fp_line (start 0 2.99974) (end 0.99822 2.99974) (layer F.SilkS) (width 0.254))
    (fp_line (start -0.1524 -2.49936) (end -2.49936 -2.49936) (layer Dwgs.User) (width 0.254))
    (fp_line (start -2.49936 -2.49936) (end -2.49936 2.49936) (layer Dwgs.User) (width 0.254))
    (fp_line (start -2.49936 2.49936) (end 0 2.49936) (layer Dwgs.User) (width 0.254))
    (pad RING smd rect (at 4.29768 -3.44932 270) (size 1.99898 2.49936) (layers F.Cu F.Paste F.Mask)
      (net 34 RA) (solder_mask_margin 0.1016))
    (pad RSH smd rect (at 1.4986 -3.44932 90) (size 1.19888 2.49936) (layers F.Cu F.Paste F.Mask)
      (solder_mask_margin 0.1016))
    (pad SLEE smd rect (at 2.39776 3.44932 270) (size 1.99898 2.49936) (layers F.Cu F.Paste F.Mask)
      (solder_mask_margin 0.1016))
    (pad TIP smd rect (at 11.69924 3.44932 270) (size 1.99898 2.49936) (layers F.Cu F.Paste F.Mask)
      (net 33 LA) (solder_mask_margin 0.1016))
    (pad TSH smd rect (at 15.748 -0.7493) (size 1.99898 2.49936) (layers F.Cu F.Paste F.Mask)
      (solder_mask_margin 0.1016))
    (pad "" np_thru_hole circle (at 3.49758 0 270) (size 1.99898 1.99898) (drill 1.99898) (layers *.Cu *.Mask)
      (solder_mask_margin 0.1016))
    (pad "" np_thru_hole circle (at 10.49782 0 270) (size 1.99898 1.99898) (drill 1.99898) (layers *.Cu *.Mask)
      (solder_mask_margin 0.1016))
  )

  (module Button_Switch_SMD:SW_DIP_SPSTx01_Slide_6.7x4.1mm_W6.73mm_P2.54mm_LowProfile_JPin (layer F.Cu) (tedit 5A4E1404) (tstamp 5EE22152)
    (at 43.053 52.832 270)
    (descr "SMD 1x-dip-switch SPST , Slide, row spacing 6.73 mm (264 mils), body size 6.7x4.1mm (see e.g. https://www.ctscorp.com/wp-content/uploads/219.pdf), SMD, LowProfile, JPin")
    (tags "SMD DIP Switch SPST Slide 6.73mm 264mil SMD LowProfile JPin")
    (path /5ED9E842)
    (attr smd)
    (fp_text reference SW2 (at 0 -3.11 270) (layer F.SilkS)
      (effects (font (size 1 1) (thickness 0.15)))
    )
    (fp_text value SW_Push (at 0 3.11 270) (layer F.Fab)
      (effects (font (size 1 1) (thickness 0.15)))
    )
    (fp_line (start -2.35 -2.05) (end 3.35 -2.05) (layer F.Fab) (width 0.1))
    (fp_line (start 3.35 -2.05) (end 3.35 2.05) (layer F.Fab) (width 0.1))
    (fp_line (start 3.35 2.05) (end -3.35 2.05) (layer F.Fab) (width 0.1))
    (fp_line (start -3.35 2.05) (end -3.35 -1.05) (layer F.Fab) (width 0.1))
    (fp_line (start -3.35 -1.05) (end -2.35 -2.05) (layer F.Fab) (width 0.1))
    (fp_line (start -1.81 -0.635) (end -1.81 0.635) (layer F.Fab) (width 0.1))
    (fp_line (start -1.81 0.635) (end 1.81 0.635) (layer F.Fab) (width 0.1))
    (fp_line (start 1.81 0.635) (end 1.81 -0.635) (layer F.Fab) (width 0.1))
    (fp_line (start 1.81 -0.635) (end -1.81 -0.635) (layer F.Fab) (width 0.1))
    (fp_line (start -1.81 -0.535) (end -0.603333 -0.535) (layer F.Fab) (width 0.1))
    (fp_line (start -1.81 -0.435) (end -0.603333 -0.435) (layer F.Fab) (width 0.1))
    (fp_line (start -1.81 -0.335) (end -0.603333 -0.335) (layer F.Fab) (width 0.1))
    (fp_line (start -1.81 -0.235) (end -0.603333 -0.235) (layer F.Fab) (width 0.1))
    (fp_line (start -1.81 -0.135) (end -0.603333 -0.135) (layer F.Fab) (width 0.1))
    (fp_line (start -1.81 -0.035) (end -0.603333 -0.035) (layer F.Fab) (width 0.1))
    (fp_line (start -1.81 0.065) (end -0.603333 0.065) (layer F.Fab) (width 0.1))
    (fp_line (start -1.81 0.165) (end -0.603333 0.165) (layer F.Fab) (width 0.1))
    (fp_line (start -1.81 0.265) (end -0.603333 0.265) (layer F.Fab) (width 0.1))
    (fp_line (start -1.81 0.365) (end -0.603333 0.365) (layer F.Fab) (width 0.1))
    (fp_line (start -1.81 0.465) (end -0.603333 0.465) (layer F.Fab) (width 0.1))
    (fp_line (start -1.81 0.565) (end -0.603333 0.565) (layer F.Fab) (width 0.1))
    (fp_line (start -0.603333 -0.635) (end -0.603333 0.635) (layer F.Fab) (width 0.1))
    (fp_line (start -3.41 -2.11) (end 3.41 -2.11) (layer F.SilkS) (width 0.12))
    (fp_line (start -3.41 2.11) (end 3.41 2.11) (layer F.SilkS) (width 0.12))
    (fp_line (start -3.41 -2.11) (end -3.41 -0.8) (layer F.SilkS) (width 0.12))
    (fp_line (start -3.41 0.8) (end -3.41 2.11) (layer F.SilkS) (width 0.12))
    (fp_line (start 3.41 -2.11) (end 3.41 -0.8) (layer F.SilkS) (width 0.12))
    (fp_line (start 3.41 0.8) (end 3.41 2.11) (layer F.SilkS) (width 0.12))
    (fp_line (start -3.65 -2.35) (end -2.267 -2.35) (layer F.SilkS) (width 0.12))
    (fp_line (start -3.65 -2.35) (end -3.65 -0.967) (layer F.SilkS) (width 0.12))
    (fp_line (start -1.81 -0.635) (end -1.81 0.635) (layer F.SilkS) (width 0.12))
    (fp_line (start -1.81 0.635) (end 1.81 0.635) (layer F.SilkS) (width 0.12))
    (fp_line (start 1.81 0.635) (end 1.81 -0.635) (layer F.SilkS) (width 0.12))
    (fp_line (start 1.81 -0.635) (end -1.81 -0.635) (layer F.SilkS) (width 0.12))
    (fp_line (start -1.81 -0.515) (end -0.603333 -0.515) (layer F.SilkS) (width 0.12))
    (fp_line (start -1.81 -0.395) (end -0.603333 -0.395) (layer F.SilkS) (width 0.12))
    (fp_line (start -1.81 -0.275) (end -0.603333 -0.275) (layer F.SilkS) (width 0.12))
    (fp_line (start -1.81 -0.155) (end -0.603333 -0.155) (layer F.SilkS) (width 0.12))
    (fp_line (start -1.81 -0.035) (end -0.603333 -0.035) (layer F.SilkS) (width 0.12))
    (fp_line (start -1.81 0.085) (end -0.603333 0.085) (layer F.SilkS) (width 0.12))
    (fp_line (start -1.81 0.205) (end -0.603333 0.205) (layer F.SilkS) (width 0.12))
    (fp_line (start -1.81 0.325) (end -0.603333 0.325) (layer F.SilkS) (width 0.12))
    (fp_line (start -1.81 0.445) (end -0.603333 0.445) (layer F.SilkS) (width 0.12))
    (fp_line (start -1.81 0.565) (end -0.603333 0.565) (layer F.SilkS) (width 0.12))
    (fp_line (start -0.603333 -0.635) (end -0.603333 0.635) (layer F.SilkS) (width 0.12))
    (fp_line (start -4.7 -2.4) (end -4.7 2.4) (layer F.CrtYd) (width 0.05))
    (fp_line (start -4.7 2.4) (end 4.7 2.4) (layer F.CrtYd) (width 0.05))
    (fp_line (start 4.7 2.4) (end 4.7 -2.4) (layer F.CrtYd) (width 0.05))
    (fp_line (start 4.7 -2.4) (end -4.7 -2.4) (layer F.CrtYd) (width 0.05))
    (fp_text user %R (at 2.58 0) (layer F.Fab)
      (effects (font (size 0.6 0.6) (thickness 0.09)))
    )
    (fp_text user on (at 0.8975 -1.3425 270) (layer F.Fab)
      (effects (font (size 0.6 0.6) (thickness 0.09)))
    )
    (pad 1 smd rect (at -3.365 0 270) (size 2.16 1.12) (layers F.Cu F.Paste F.Mask)
      (net 12 GND))
    (pad 2 smd rect (at 3.365 0 270) (size 2.16 1.12) (layers F.Cu F.Paste F.Mask)
      (net 15 "Net-(C12-Pad2)"))
    (model ${KISYS3DMOD}/Button_Switch_SMD.3dshapes/SW_DIP_SPSTx01_Slide_6.7x4.1mm_W6.73mm_P2.54mm_LowProfile_JPin.wrl
      (at (xyz 0 0 0))
      (scale (xyz 1 1 1))
      (rotate (xyz 0 0 90))
    )
  )

  (module Button_Switch_THT:SW_DIP_SPSTx01_Slide_9.78x4.72mm_W7.62mm_P2.54mm (layer F.Cu) (tedit 5A4E1404) (tstamp 5EE2211C)
    (at 48.387 24.765 180)
    (descr "1x-dip-switch SPST , Slide, row spacing 7.62 mm (300 mils), body size 9.78x4.72mm (see e.g. https://www.ctscorp.com/wp-content/uploads/206-208.pdf)")
    (tags "DIP Switch SPST Slide 7.62mm 300mil")
    (path /5EDB8E38)
    (fp_text reference SW1 (at 3.81 -3.42 180) (layer F.SilkS)
      (effects (font (size 1 1) (thickness 0.15)))
    )
    (fp_text value SW_DIP_x01 (at 3.81 3.42 180) (layer F.Fab)
      (effects (font (size 1 1) (thickness 0.15)))
    )
    (fp_line (start -0.08 -2.36) (end 8.7 -2.36) (layer F.Fab) (width 0.1))
    (fp_line (start 8.7 -2.36) (end 8.7 2.36) (layer F.Fab) (width 0.1))
    (fp_line (start 8.7 2.36) (end -1.08 2.36) (layer F.Fab) (width 0.1))
    (fp_line (start -1.08 2.36) (end -1.08 -1.36) (layer F.Fab) (width 0.1))
    (fp_line (start -1.08 -1.36) (end -0.08 -2.36) (layer F.Fab) (width 0.1))
    (fp_line (start 1.78 -0.635) (end 1.78 0.635) (layer F.Fab) (width 0.1))
    (fp_line (start 1.78 0.635) (end 5.84 0.635) (layer F.Fab) (width 0.1))
    (fp_line (start 5.84 0.635) (end 5.84 -0.635) (layer F.Fab) (width 0.1))
    (fp_line (start 5.84 -0.635) (end 1.78 -0.635) (layer F.Fab) (width 0.1))
    (fp_line (start 1.78 -0.535) (end 3.133333 -0.535) (layer F.Fab) (width 0.1))
    (fp_line (start 1.78 -0.435) (end 3.133333 -0.435) (layer F.Fab) (width 0.1))
    (fp_line (start 1.78 -0.335) (end 3.133333 -0.335) (layer F.Fab) (width 0.1))
    (fp_line (start 1.78 -0.235) (end 3.133333 -0.235) (layer F.Fab) (width 0.1))
    (fp_line (start 1.78 -0.135) (end 3.133333 -0.135) (layer F.Fab) (width 0.1))
    (fp_line (start 1.78 -0.035) (end 3.133333 -0.035) (layer F.Fab) (width 0.1))
    (fp_line (start 1.78 0.065) (end 3.133333 0.065) (layer F.Fab) (width 0.1))
    (fp_line (start 1.78 0.165) (end 3.133333 0.165) (layer F.Fab) (width 0.1))
    (fp_line (start 1.78 0.265) (end 3.133333 0.265) (layer F.Fab) (width 0.1))
    (fp_line (start 1.78 0.365) (end 3.133333 0.365) (layer F.Fab) (width 0.1))
    (fp_line (start 1.78 0.465) (end 3.133333 0.465) (layer F.Fab) (width 0.1))
    (fp_line (start 1.78 0.565) (end 3.133333 0.565) (layer F.Fab) (width 0.1))
    (fp_line (start 3.133333 -0.635) (end 3.133333 0.635) (layer F.Fab) (width 0.1))
    (fp_line (start -1.14 -2.42) (end 8.76 -2.42) (layer F.SilkS) (width 0.12))
    (fp_line (start -1.14 2.42) (end 8.76 2.42) (layer F.SilkS) (width 0.12))
    (fp_line (start -1.14 -2.42) (end -1.14 2.42) (layer F.SilkS) (width 0.12))
    (fp_line (start 8.76 -2.42) (end 8.76 2.42) (layer F.SilkS) (width 0.12))
    (fp_line (start -1.38 -2.66) (end 0.004 -2.66) (layer F.SilkS) (width 0.12))
    (fp_line (start -1.38 -2.66) (end -1.38 -1.277) (layer F.SilkS) (width 0.12))
    (fp_line (start 1.78 -0.635) (end 1.78 0.635) (layer F.SilkS) (width 0.12))
    (fp_line (start 1.78 0.635) (end 5.84 0.635) (layer F.SilkS) (width 0.12))
    (fp_line (start 5.84 0.635) (end 5.84 -0.635) (layer F.SilkS) (width 0.12))
    (fp_line (start 5.84 -0.635) (end 1.78 -0.635) (layer F.SilkS) (width 0.12))
    (fp_line (start 1.78 -0.515) (end 3.133333 -0.515) (layer F.SilkS) (width 0.12))
    (fp_line (start 1.78 -0.395) (end 3.133333 -0.395) (layer F.SilkS) (width 0.12))
    (fp_line (start 1.78 -0.275) (end 3.133333 -0.275) (layer F.SilkS) (width 0.12))
    (fp_line (start 1.78 -0.155) (end 3.133333 -0.155) (layer F.SilkS) (width 0.12))
    (fp_line (start 1.78 -0.035) (end 3.133333 -0.035) (layer F.SilkS) (width 0.12))
    (fp_line (start 1.78 0.085) (end 3.133333 0.085) (layer F.SilkS) (width 0.12))
    (fp_line (start 1.78 0.205) (end 3.133333 0.205) (layer F.SilkS) (width 0.12))
    (fp_line (start 1.78 0.325) (end 3.133333 0.325) (layer F.SilkS) (width 0.12))
    (fp_line (start 1.78 0.445) (end 3.133333 0.445) (layer F.SilkS) (width 0.12))
    (fp_line (start 1.78 0.565) (end 3.133333 0.565) (layer F.SilkS) (width 0.12))
    (fp_line (start 3.133333 -0.635) (end 3.133333 0.635) (layer F.SilkS) (width 0.12))
    (fp_line (start -1.35 -2.7) (end -1.35 2.7) (layer F.CrtYd) (width 0.05))
    (fp_line (start -1.35 2.7) (end 8.95 2.7) (layer F.CrtYd) (width 0.05))
    (fp_line (start 8.95 2.7) (end 8.95 -2.7) (layer F.CrtYd) (width 0.05))
    (fp_line (start 8.95 -2.7) (end -1.35 -2.7) (layer F.CrtYd) (width 0.05))
    (fp_text user %R (at 7.27 0 270) (layer F.Fab)
      (effects (font (size 0.6 0.6) (thickness 0.09)))
    )
    (fp_text user on (at 5.365 -1.4975 180) (layer F.Fab)
      (effects (font (size 0.6 0.6) (thickness 0.09)))
    )
    (pad 1 thru_hole rect (at 0 0 180) (size 1.6 1.6) (drill 0.8) (layers *.Cu *.Mask)
      (net 1 SWITCHPOWER))
    (pad 2 thru_hole oval (at 7.62 0 180) (size 1.6 1.6) (drill 0.8) (layers *.Cu *.Mask)
      (net 12 GND))
    (model ${KISYS3DMOD}/Button_Switch_THT.3dshapes/SW_DIP_SPSTx01_Slide_9.78x4.72mm_W7.62mm_P2.54mm.wrl
      (at (xyz 0 0 0))
      (scale (xyz 1 1 1))
      (rotate (xyz 0 0 90))
    )
  )

  (module Capacitor_SMD:C_1206_3216Metric (layer F.Cu) (tedit 5B301BBE) (tstamp 5ED4CBA8)
    (at 86.614 65.535 90)
    (descr "Capacitor SMD 1206 (3216 Metric), square (rectangular) end terminal, IPC_7351 nominal, (Body size source: http://www.tortai-tech.com/upload/download/2011102023233369053.pdf), generated with kicad-footprint-generator")
    (tags capacitor)
    (path /5ED2FB8B)
    (attr smd)
    (fp_text reference C1 (at 3.178 -0.127 180) (layer F.SilkS)
      (effects (font (size 1 1) (thickness 0.15)))
    )
    (fp_text value 22nF (at 0 1.82 90) (layer F.Fab)
      (effects (font (size 1 1) (thickness 0.15)))
    )
    (fp_text user %R (at 0 0 90) (layer F.Fab)
      (effects (font (size 0.8 0.8) (thickness 0.12)))
    )
    (fp_line (start 2.28 1.12) (end -2.28 1.12) (layer F.CrtYd) (width 0.05))
    (fp_line (start 2.28 -1.12) (end 2.28 1.12) (layer F.CrtYd) (width 0.05))
    (fp_line (start -2.28 -1.12) (end 2.28 -1.12) (layer F.CrtYd) (width 0.05))
    (fp_line (start -2.28 1.12) (end -2.28 -1.12) (layer F.CrtYd) (width 0.05))
    (fp_line (start -0.602064 0.91) (end 0.602064 0.91) (layer F.SilkS) (width 0.12))
    (fp_line (start -0.602064 -0.91) (end 0.602064 -0.91) (layer F.SilkS) (width 0.12))
    (fp_line (start 1.6 0.8) (end -1.6 0.8) (layer F.Fab) (width 0.1))
    (fp_line (start 1.6 -0.8) (end 1.6 0.8) (layer F.Fab) (width 0.1))
    (fp_line (start -1.6 -0.8) (end 1.6 -0.8) (layer F.Fab) (width 0.1))
    (fp_line (start -1.6 0.8) (end -1.6 -0.8) (layer F.Fab) (width 0.1))
    (pad 2 smd roundrect (at 1.4 0 90) (size 1.25 1.75) (layers F.Cu F.Paste F.Mask) (roundrect_rratio 0.2)
      (net 1 SWITCHPOWER))
    (pad 1 smd roundrect (at -1.4 0 90) (size 1.25 1.75) (layers F.Cu F.Paste F.Mask) (roundrect_rratio 0.2)
      (net 2 /Regulator_in))
    (model ${KISYS3DMOD}/Capacitor_SMD.3dshapes/C_1206_3216Metric.wrl
      (at (xyz 0 0 0))
      (scale (xyz 1 1 1))
      (rotate (xyz 0 0 0))
    )
  )

  (module Capacitor_SMD:C_1206_3216Metric (layer F.Cu) (tedit 5B301BBE) (tstamp 5ED4BADA)
    (at 86.614 70.485 270)
    (descr "Capacitor SMD 1206 (3216 Metric), square (rectangular) end terminal, IPC_7351 nominal, (Body size source: http://www.tortai-tech.com/upload/download/2011102023233369053.pdf), generated with kicad-footprint-generator")
    (tags capacitor)
    (path /5ED2FBC1)
    (attr smd)
    (fp_text reference C2 (at 3.048 -0.127) (layer F.SilkS)
      (effects (font (size 1 1) (thickness 0.15)))
    )
    (fp_text value 100nF (at 0 -2.032 270) (layer F.Fab)
      (effects (font (size 1 1) (thickness 0.15)))
    )
    (fp_text user %R (at 0 0 270) (layer F.Fab)
      (effects (font (size 0.8 0.8) (thickness 0.12)))
    )
    (fp_line (start 2.28 1.12) (end -2.28 1.12) (layer F.CrtYd) (width 0.05))
    (fp_line (start 2.28 -1.12) (end 2.28 1.12) (layer F.CrtYd) (width 0.05))
    (fp_line (start -2.28 -1.12) (end 2.28 -1.12) (layer F.CrtYd) (width 0.05))
    (fp_line (start -2.28 1.12) (end -2.28 -1.12) (layer F.CrtYd) (width 0.05))
    (fp_line (start -0.602064 0.91) (end 0.602064 0.91) (layer F.SilkS) (width 0.12))
    (fp_line (start -0.602064 -0.91) (end 0.602064 -0.91) (layer F.SilkS) (width 0.12))
    (fp_line (start 1.6 0.8) (end -1.6 0.8) (layer F.Fab) (width 0.1))
    (fp_line (start 1.6 -0.8) (end 1.6 0.8) (layer F.Fab) (width 0.1))
    (fp_line (start -1.6 -0.8) (end 1.6 -0.8) (layer F.Fab) (width 0.1))
    (fp_line (start -1.6 0.8) (end -1.6 -0.8) (layer F.Fab) (width 0.1))
    (pad 2 smd roundrect (at 1.4 0 270) (size 1.25 1.75) (layers F.Cu F.Paste F.Mask) (roundrect_rratio 0.2)
      (net 1 SWITCHPOWER))
    (pad 1 smd roundrect (at -1.4 0 270) (size 1.25 1.75) (layers F.Cu F.Paste F.Mask) (roundrect_rratio 0.2)
      (net 2 /Regulator_in))
    (model ${KISYS3DMOD}/Capacitor_SMD.3dshapes/C_1206_3216Metric.wrl
      (at (xyz 0 0 0))
      (scale (xyz 1 1 1))
      (rotate (xyz 0 0 0))
    )
  )

  (module Capacitor_SMD:C_1206_3216Metric (layer F.Cu) (tedit 5B301BBE) (tstamp 5ED4BAEB)
    (at 99.695 26.921 270)
    (descr "Capacitor SMD 1206 (3216 Metric), square (rectangular) end terminal, IPC_7351 nominal, (Body size source: http://www.tortai-tech.com/upload/download/2011102023233369053.pdf), generated with kicad-footprint-generator")
    (tags capacitor)
    (path /5ED42A86)
    (attr smd)
    (fp_text reference C3 (at 0 -1.82 270) (layer F.SilkS)
      (effects (font (size 1 1) (thickness 0.15)))
    )
    (fp_text value 1.5nF (at 0 1.82 270) (layer F.Fab)
      (effects (font (size 1 1) (thickness 0.15)))
    )
    (fp_line (start -1.6 0.8) (end -1.6 -0.8) (layer F.Fab) (width 0.1))
    (fp_line (start -1.6 -0.8) (end 1.6 -0.8) (layer F.Fab) (width 0.1))
    (fp_line (start 1.6 -0.8) (end 1.6 0.8) (layer F.Fab) (width 0.1))
    (fp_line (start 1.6 0.8) (end -1.6 0.8) (layer F.Fab) (width 0.1))
    (fp_line (start -0.602064 -0.91) (end 0.602064 -0.91) (layer F.SilkS) (width 0.12))
    (fp_line (start -0.602064 0.91) (end 0.602064 0.91) (layer F.SilkS) (width 0.12))
    (fp_line (start -2.28 1.12) (end -2.28 -1.12) (layer F.CrtYd) (width 0.05))
    (fp_line (start -2.28 -1.12) (end 2.28 -1.12) (layer F.CrtYd) (width 0.05))
    (fp_line (start 2.28 -1.12) (end 2.28 1.12) (layer F.CrtYd) (width 0.05))
    (fp_line (start 2.28 1.12) (end -2.28 1.12) (layer F.CrtYd) (width 0.05))
    (fp_text user %R (at 0 0 270) (layer F.Fab)
      (effects (font (size 0.8 0.8) (thickness 0.12)))
    )
    (pad 1 smd roundrect (at -1.4 0 270) (size 1.25 1.75) (layers F.Cu F.Paste F.Mask) (roundrect_rratio 0.2)
      (net 3 SIGNALOUT))
    (pad 2 smd roundrect (at 1.4 0 270) (size 1.25 1.75) (layers F.Cu F.Paste F.Mask) (roundrect_rratio 0.2)
      (net 4 "Net-(C3-Pad2)"))
    (model ${KISYS3DMOD}/Capacitor_SMD.3dshapes/C_1206_3216Metric.wrl
      (at (xyz 0 0 0))
      (scale (xyz 1 1 1))
      (rotate (xyz 0 0 0))
    )
  )

  (module Capacitor_SMD:C_1206_3216Metric (layer F.Cu) (tedit 5B301BBE) (tstamp 5ED4BAFC)
    (at 74.549 65.535 90)
    (descr "Capacitor SMD 1206 (3216 Metric), square (rectangular) end terminal, IPC_7351 nominal, (Body size source: http://www.tortai-tech.com/upload/download/2011102023233369053.pdf), generated with kicad-footprint-generator")
    (tags capacitor)
    (path /5ED2FBE7)
    (attr smd)
    (fp_text reference C4 (at 3.305 0 180) (layer F.SilkS)
      (effects (font (size 1 1) (thickness 0.15)))
    )
    (fp_text value 100nF (at 0.003 -1.905 90) (layer F.Fab)
      (effects (font (size 1 1) (thickness 0.15)))
    )
    (fp_line (start -1.6 0.8) (end -1.6 -0.8) (layer F.Fab) (width 0.1))
    (fp_line (start -1.6 -0.8) (end 1.6 -0.8) (layer F.Fab) (width 0.1))
    (fp_line (start 1.6 -0.8) (end 1.6 0.8) (layer F.Fab) (width 0.1))
    (fp_line (start 1.6 0.8) (end -1.6 0.8) (layer F.Fab) (width 0.1))
    (fp_line (start -0.602064 -0.91) (end 0.602064 -0.91) (layer F.SilkS) (width 0.12))
    (fp_line (start -0.602064 0.91) (end 0.602064 0.91) (layer F.SilkS) (width 0.12))
    (fp_line (start -2.28 1.12) (end -2.28 -1.12) (layer F.CrtYd) (width 0.05))
    (fp_line (start -2.28 -1.12) (end 2.28 -1.12) (layer F.CrtYd) (width 0.05))
    (fp_line (start 2.28 -1.12) (end 2.28 1.12) (layer F.CrtYd) (width 0.05))
    (fp_line (start 2.28 1.12) (end -2.28 1.12) (layer F.CrtYd) (width 0.05))
    (fp_text user %R (at 0 0 90) (layer F.Fab)
      (effects (font (size 0.8 0.8) (thickness 0.12)))
    )
    (pad 1 smd roundrect (at -1.4 0 90) (size 1.25 1.75) (layers F.Cu F.Paste F.Mask) (roundrect_rratio 0.2)
      (net 5 +3V3))
    (pad 2 smd roundrect (at 1.4 0 90) (size 1.25 1.75) (layers F.Cu F.Paste F.Mask) (roundrect_rratio 0.2)
      (net 1 SWITCHPOWER))
    (model ${KISYS3DMOD}/Capacitor_SMD.3dshapes/C_1206_3216Metric.wrl
      (at (xyz 0 0 0))
      (scale (xyz 1 1 1))
      (rotate (xyz 0 0 0))
    )
  )

  (module Capacitor_SMD:C_1206_3216Metric (layer F.Cu) (tedit 5B301BBE) (tstamp 5ED4BB0D)
    (at 97.787 52.197 180)
    (descr "Capacitor SMD 1206 (3216 Metric), square (rectangular) end terminal, IPC_7351 nominal, (Body size source: http://www.tortai-tech.com/upload/download/2011102023233369053.pdf), generated with kicad-footprint-generator")
    (tags capacitor)
    (path /5ED355CF)
    (attr smd)
    (fp_text reference C5 (at 0 -1.82 180) (layer F.SilkS)
      (effects (font (size 1 1) (thickness 0.15)))
    )
    (fp_text value 1nF (at 0 1.82 180) (layer F.Fab)
      (effects (font (size 1 1) (thickness 0.15)))
    )
    (fp_text user %R (at 0 0 180) (layer F.Fab)
      (effects (font (size 0.8 0.8) (thickness 0.12)))
    )
    (fp_line (start 2.28 1.12) (end -2.28 1.12) (layer F.CrtYd) (width 0.05))
    (fp_line (start 2.28 -1.12) (end 2.28 1.12) (layer F.CrtYd) (width 0.05))
    (fp_line (start -2.28 -1.12) (end 2.28 -1.12) (layer F.CrtYd) (width 0.05))
    (fp_line (start -2.28 1.12) (end -2.28 -1.12) (layer F.CrtYd) (width 0.05))
    (fp_line (start -0.602064 0.91) (end 0.602064 0.91) (layer F.SilkS) (width 0.12))
    (fp_line (start -0.602064 -0.91) (end 0.602064 -0.91) (layer F.SilkS) (width 0.12))
    (fp_line (start 1.6 0.8) (end -1.6 0.8) (layer F.Fab) (width 0.1))
    (fp_line (start 1.6 -0.8) (end 1.6 0.8) (layer F.Fab) (width 0.1))
    (fp_line (start -1.6 -0.8) (end 1.6 -0.8) (layer F.Fab) (width 0.1))
    (fp_line (start -1.6 0.8) (end -1.6 -0.8) (layer F.Fab) (width 0.1))
    (pad 2 smd roundrect (at 1.4 0 180) (size 1.25 1.75) (layers F.Cu F.Paste F.Mask) (roundrect_rratio 0.2)
      (net 6 "Net-(C5-Pad2)"))
    (pad 1 smd roundrect (at -1.4 0 180) (size 1.25 1.75) (layers F.Cu F.Paste F.Mask) (roundrect_rratio 0.2)
      (net 7 "Net-(C5-Pad1)"))
    (model ${KISYS3DMOD}/Capacitor_SMD.3dshapes/C_1206_3216Metric.wrl
      (at (xyz 0 0 0))
      (scale (xyz 1 1 1))
      (rotate (xyz 0 0 0))
    )
  )

  (module Capacitor_SMD:C_1206_3216Metric (layer F.Cu) (tedit 5B301BBE) (tstamp 5ED4BB1E)
    (at 102.746 52.197 180)
    (descr "Capacitor SMD 1206 (3216 Metric), square (rectangular) end terminal, IPC_7351 nominal, (Body size source: http://www.tortai-tech.com/upload/download/2011102023233369053.pdf), generated with kicad-footprint-generator")
    (tags capacitor)
    (path /5ED3C956)
    (attr smd)
    (fp_text reference C6 (at 0 -1.82 180) (layer F.SilkS)
      (effects (font (size 1 1) (thickness 0.15)))
    )
    (fp_text value 10nF (at 0 1.82 180) (layer F.Fab)
      (effects (font (size 1 1) (thickness 0.15)))
    )
    (fp_text user %R (at 0 0 180) (layer F.Fab)
      (effects (font (size 0.8 0.8) (thickness 0.12)))
    )
    (fp_line (start 2.28 1.12) (end -2.28 1.12) (layer F.CrtYd) (width 0.05))
    (fp_line (start 2.28 -1.12) (end 2.28 1.12) (layer F.CrtYd) (width 0.05))
    (fp_line (start -2.28 -1.12) (end 2.28 -1.12) (layer F.CrtYd) (width 0.05))
    (fp_line (start -2.28 1.12) (end -2.28 -1.12) (layer F.CrtYd) (width 0.05))
    (fp_line (start -0.602064 0.91) (end 0.602064 0.91) (layer F.SilkS) (width 0.12))
    (fp_line (start -0.602064 -0.91) (end 0.602064 -0.91) (layer F.SilkS) (width 0.12))
    (fp_line (start 1.6 0.8) (end -1.6 0.8) (layer F.Fab) (width 0.1))
    (fp_line (start 1.6 -0.8) (end 1.6 0.8) (layer F.Fab) (width 0.1))
    (fp_line (start -1.6 -0.8) (end 1.6 -0.8) (layer F.Fab) (width 0.1))
    (fp_line (start -1.6 0.8) (end -1.6 -0.8) (layer F.Fab) (width 0.1))
    (pad 2 smd roundrect (at 1.4 0 180) (size 1.25 1.75) (layers F.Cu F.Paste F.Mask) (roundrect_rratio 0.2)
      (net 8 "Net-(C6-Pad2)"))
    (pad 1 smd roundrect (at -1.4 0 180) (size 1.25 1.75) (layers F.Cu F.Paste F.Mask) (roundrect_rratio 0.2)
      (net 9 REFOUT))
    (model ${KISYS3DMOD}/Capacitor_SMD.3dshapes/C_1206_3216Metric.wrl
      (at (xyz 0 0 0))
      (scale (xyz 1 1 1))
      (rotate (xyz 0 0 0))
    )
  )

  (module Capacitor_SMD:C_1206_3216Metric (layer F.Cu) (tedit 5B301BBE) (tstamp 5ED4BB2F)
    (at 74.549 70.361 270)
    (descr "Capacitor SMD 1206 (3216 Metric), square (rectangular) end terminal, IPC_7351 nominal, (Body size source: http://www.tortai-tech.com/upload/download/2011102023233369053.pdf), generated with kicad-footprint-generator")
    (tags capacitor)
    (path /5ED2FC27)
    (attr smd)
    (fp_text reference C7 (at 3.426 0) (layer F.SilkS)
      (effects (font (size 1 1) (thickness 0.15)))
    )
    (fp_text value 22nF (at 0.124 1.905 270) (layer F.Fab)
      (effects (font (size 1 1) (thickness 0.15)))
    )
    (fp_text user %R (at 0 0 270) (layer F.Fab)
      (effects (font (size 0.8 0.8) (thickness 0.12)))
    )
    (fp_line (start 2.28 1.12) (end -2.28 1.12) (layer F.CrtYd) (width 0.05))
    (fp_line (start 2.28 -1.12) (end 2.28 1.12) (layer F.CrtYd) (width 0.05))
    (fp_line (start -2.28 -1.12) (end 2.28 -1.12) (layer F.CrtYd) (width 0.05))
    (fp_line (start -2.28 1.12) (end -2.28 -1.12) (layer F.CrtYd) (width 0.05))
    (fp_line (start -0.602064 0.91) (end 0.602064 0.91) (layer F.SilkS) (width 0.12))
    (fp_line (start -0.602064 -0.91) (end 0.602064 -0.91) (layer F.SilkS) (width 0.12))
    (fp_line (start 1.6 0.8) (end -1.6 0.8) (layer F.Fab) (width 0.1))
    (fp_line (start 1.6 -0.8) (end 1.6 0.8) (layer F.Fab) (width 0.1))
    (fp_line (start -1.6 -0.8) (end 1.6 -0.8) (layer F.Fab) (width 0.1))
    (fp_line (start -1.6 0.8) (end -1.6 -0.8) (layer F.Fab) (width 0.1))
    (pad 2 smd roundrect (at 1.4 0 270) (size 1.25 1.75) (layers F.Cu F.Paste F.Mask) (roundrect_rratio 0.2)
      (net 1 SWITCHPOWER))
    (pad 1 smd roundrect (at -1.4 0 270) (size 1.25 1.75) (layers F.Cu F.Paste F.Mask) (roundrect_rratio 0.2)
      (net 5 +3V3))
    (model ${KISYS3DMOD}/Capacitor_SMD.3dshapes/C_1206_3216Metric.wrl
      (at (xyz 0 0 0))
      (scale (xyz 1 1 1))
      (rotate (xyz 0 0 0))
    )
  )

  (module Capacitor_SMD:C_1206_3216Metric (layer F.Cu) (tedit 5B301BBE) (tstamp 5ED4BB40)
    (at 95.253 32.766 180)
    (descr "Capacitor SMD 1206 (3216 Metric), square (rectangular) end terminal, IPC_7351 nominal, (Body size source: http://www.tortai-tech.com/upload/download/2011102023233369053.pdf), generated with kicad-footprint-generator")
    (tags capacitor)
    (path /5ED306DF)
    (attr smd)
    (fp_text reference C8 (at 0 -1.82 180) (layer F.SilkS)
      (effects (font (size 1 1) (thickness 0.15)))
    )
    (fp_text value 0.33uF (at 0 1.82 180) (layer F.Fab)
      (effects (font (size 1 1) (thickness 0.15)))
    )
    (fp_line (start -1.6 0.8) (end -1.6 -0.8) (layer F.Fab) (width 0.1))
    (fp_line (start -1.6 -0.8) (end 1.6 -0.8) (layer F.Fab) (width 0.1))
    (fp_line (start 1.6 -0.8) (end 1.6 0.8) (layer F.Fab) (width 0.1))
    (fp_line (start 1.6 0.8) (end -1.6 0.8) (layer F.Fab) (width 0.1))
    (fp_line (start -0.602064 -0.91) (end 0.602064 -0.91) (layer F.SilkS) (width 0.12))
    (fp_line (start -0.602064 0.91) (end 0.602064 0.91) (layer F.SilkS) (width 0.12))
    (fp_line (start -2.28 1.12) (end -2.28 -1.12) (layer F.CrtYd) (width 0.05))
    (fp_line (start -2.28 -1.12) (end 2.28 -1.12) (layer F.CrtYd) (width 0.05))
    (fp_line (start 2.28 -1.12) (end 2.28 1.12) (layer F.CrtYd) (width 0.05))
    (fp_line (start 2.28 1.12) (end -2.28 1.12) (layer F.CrtYd) (width 0.05))
    (fp_text user %R (at 0 0 180) (layer F.Fab)
      (effects (font (size 0.8 0.8) (thickness 0.12)))
    )
    (pad 1 smd roundrect (at -1.4 0 180) (size 1.25 1.75) (layers F.Cu F.Paste F.Mask) (roundrect_rratio 0.2)
      (net 10 "Net-(C8-Pad1)"))
    (pad 2 smd roundrect (at 1.4 0 180) (size 1.25 1.75) (layers F.Cu F.Paste F.Mask) (roundrect_rratio 0.2)
      (net 11 "Net-(C8-Pad2)"))
    (model ${KISYS3DMOD}/Capacitor_SMD.3dshapes/C_1206_3216Metric.wrl
      (at (xyz 0 0 0))
      (scale (xyz 1 1 1))
      (rotate (xyz 0 0 0))
    )
  )

  (module Capacitor_SMD:C_1206_3216Metric (layer F.Cu) (tedit 5B301BBE) (tstamp 5ED4BB51)
    (at 108.585 36.706 90)
    (descr "Capacitor SMD 1206 (3216 Metric), square (rectangular) end terminal, IPC_7351 nominal, (Body size source: http://www.tortai-tech.com/upload/download/2011102023233369053.pdf), generated with kicad-footprint-generator")
    (tags capacitor)
    (path /5ED5940C)
    (attr smd)
    (fp_text reference C9 (at 0 -1.82 90) (layer F.SilkS)
      (effects (font (size 1 1) (thickness 0.15)))
    )
    (fp_text value 0.1uF (at 0 1.82 90) (layer F.Fab)
      (effects (font (size 1 1) (thickness 0.15)))
    )
    (fp_line (start -1.6 0.8) (end -1.6 -0.8) (layer F.Fab) (width 0.1))
    (fp_line (start -1.6 -0.8) (end 1.6 -0.8) (layer F.Fab) (width 0.1))
    (fp_line (start 1.6 -0.8) (end 1.6 0.8) (layer F.Fab) (width 0.1))
    (fp_line (start 1.6 0.8) (end -1.6 0.8) (layer F.Fab) (width 0.1))
    (fp_line (start -0.602064 -0.91) (end 0.602064 -0.91) (layer F.SilkS) (width 0.12))
    (fp_line (start -0.602064 0.91) (end 0.602064 0.91) (layer F.SilkS) (width 0.12))
    (fp_line (start -2.28 1.12) (end -2.28 -1.12) (layer F.CrtYd) (width 0.05))
    (fp_line (start -2.28 -1.12) (end 2.28 -1.12) (layer F.CrtYd) (width 0.05))
    (fp_line (start 2.28 -1.12) (end 2.28 1.12) (layer F.CrtYd) (width 0.05))
    (fp_line (start 2.28 1.12) (end -2.28 1.12) (layer F.CrtYd) (width 0.05))
    (fp_text user %R (at 0 0 90) (layer F.Fab)
      (effects (font (size 0.8 0.8) (thickness 0.12)))
    )
    (pad 1 smd roundrect (at -1.4 0 90) (size 1.25 1.75) (layers F.Cu F.Paste F.Mask) (roundrect_rratio 0.2)
      (net 12 GND))
    (pad 2 smd roundrect (at 1.4 0 90) (size 1.25 1.75) (layers F.Cu F.Paste F.Mask) (roundrect_rratio 0.2)
      (net 5 +3V3))
    (model ${KISYS3DMOD}/Capacitor_SMD.3dshapes/C_1206_3216Metric.wrl
      (at (xyz 0 0 0))
      (scale (xyz 1 1 1))
      (rotate (xyz 0 0 0))
    )
  )

  (module Capacitor_SMD:C_1206_3216Metric (layer F.Cu) (tedit 5B301BBE) (tstamp 5ED4BB62)
    (at 88.265 50.546)
    (descr "Capacitor SMD 1206 (3216 Metric), square (rectangular) end terminal, IPC_7351 nominal, (Body size source: http://www.tortai-tech.com/upload/download/2011102023233369053.pdf), generated with kicad-footprint-generator")
    (tags capacitor)
    (path /5ED3AE5C)
    (attr smd)
    (fp_text reference C10 (at 0 -1.82) (layer F.SilkS)
      (effects (font (size 1 1) (thickness 0.15)))
    )
    (fp_text value 0.33uF (at 0 1.82) (layer F.Fab)
      (effects (font (size 1 1) (thickness 0.15)))
    )
    (fp_line (start -1.6 0.8) (end -1.6 -0.8) (layer F.Fab) (width 0.1))
    (fp_line (start -1.6 -0.8) (end 1.6 -0.8) (layer F.Fab) (width 0.1))
    (fp_line (start 1.6 -0.8) (end 1.6 0.8) (layer F.Fab) (width 0.1))
    (fp_line (start 1.6 0.8) (end -1.6 0.8) (layer F.Fab) (width 0.1))
    (fp_line (start -0.602064 -0.91) (end 0.602064 -0.91) (layer F.SilkS) (width 0.12))
    (fp_line (start -0.602064 0.91) (end 0.602064 0.91) (layer F.SilkS) (width 0.12))
    (fp_line (start -2.28 1.12) (end -2.28 -1.12) (layer F.CrtYd) (width 0.05))
    (fp_line (start -2.28 -1.12) (end 2.28 -1.12) (layer F.CrtYd) (width 0.05))
    (fp_line (start 2.28 -1.12) (end 2.28 1.12) (layer F.CrtYd) (width 0.05))
    (fp_line (start 2.28 1.12) (end -2.28 1.12) (layer F.CrtYd) (width 0.05))
    (fp_text user %R (at 0 0) (layer F.Fab)
      (effects (font (size 0.8 0.8) (thickness 0.12)))
    )
    (pad 1 smd roundrect (at -1.4 0) (size 1.25 1.75) (layers F.Cu F.Paste F.Mask) (roundrect_rratio 0.2)
      (net 9 REFOUT))
    (pad 2 smd roundrect (at 1.4 0) (size 1.25 1.75) (layers F.Cu F.Paste F.Mask) (roundrect_rratio 0.2)
      (net 13 "Net-(C10-Pad2)"))
    (model ${KISYS3DMOD}/Capacitor_SMD.3dshapes/C_1206_3216Metric.wrl
      (at (xyz 0 0 0))
      (scale (xyz 1 1 1))
      (rotate (xyz 0 0 0))
    )
  )

  (module Capacitor_SMD:C_1206_3216Metric (layer F.Cu) (tedit 5B301BBE) (tstamp 5ED4BB73)
    (at 109.604 28.321 180)
    (descr "Capacitor SMD 1206 (3216 Metric), square (rectangular) end terminal, IPC_7351 nominal, (Body size source: http://www.tortai-tech.com/upload/download/2011102023233369053.pdf), generated with kicad-footprint-generator")
    (tags capacitor)
    (path /5ED5F8BD)
    (attr smd)
    (fp_text reference C11 (at 0 -1.82 180) (layer F.SilkS)
      (effects (font (size 1 1) (thickness 0.15)))
    )
    (fp_text value 0.1uF (at 0 1.82 180) (layer F.Fab)
      (effects (font (size 1 1) (thickness 0.15)))
    )
    (fp_text user %R (at 0 0 180) (layer F.Fab)
      (effects (font (size 0.8 0.8) (thickness 0.12)))
    )
    (fp_line (start 2.28 1.12) (end -2.28 1.12) (layer F.CrtYd) (width 0.05))
    (fp_line (start 2.28 -1.12) (end 2.28 1.12) (layer F.CrtYd) (width 0.05))
    (fp_line (start -2.28 -1.12) (end 2.28 -1.12) (layer F.CrtYd) (width 0.05))
    (fp_line (start -2.28 1.12) (end -2.28 -1.12) (layer F.CrtYd) (width 0.05))
    (fp_line (start -0.602064 0.91) (end 0.602064 0.91) (layer F.SilkS) (width 0.12))
    (fp_line (start -0.602064 -0.91) (end 0.602064 -0.91) (layer F.SilkS) (width 0.12))
    (fp_line (start 1.6 0.8) (end -1.6 0.8) (layer F.Fab) (width 0.1))
    (fp_line (start 1.6 -0.8) (end 1.6 0.8) (layer F.Fab) (width 0.1))
    (fp_line (start -1.6 -0.8) (end 1.6 -0.8) (layer F.Fab) (width 0.1))
    (fp_line (start -1.6 0.8) (end -1.6 -0.8) (layer F.Fab) (width 0.1))
    (pad 2 smd roundrect (at 1.4 0 180) (size 1.25 1.75) (layers F.Cu F.Paste F.Mask) (roundrect_rratio 0.2)
      (net 14 "Net-(C11-Pad2)"))
    (pad 1 smd roundrect (at -1.4 0 180) (size 1.25 1.75) (layers F.Cu F.Paste F.Mask) (roundrect_rratio 0.2)
      (net 12 GND))
    (model ${KISYS3DMOD}/Capacitor_SMD.3dshapes/C_1206_3216Metric.wrl
      (at (xyz 0 0 0))
